4 14 1,2,4,8
4 14 1,2,4,80
4 15 1,2,8,16
4 16 1,2,8,20
4 15 1,2,8,32
4 16 1,2,8,68
4 16 1,2,8,84
4 16 1,2,8,96
4 15 1,2,8,160
4 14 1,2,8,256
4 15 1,2,8,272
4 15 1,2,12,32
4 16 1,2,12,80
4 16 1,2,12,96
4 17 1,2,12,132
4 16 1,2,12,160
4 16 1,2,12,256
4 16 1,2,12,272
4 15 1,2,32,80
4 16 1,2,32,84
4 14 1,2,32,256
4 16 1,2,32,264
4 15 1,2,32,320
4 15 1,2,32,336
4 15 1,2,80,152
4 16 1,2,80,156
4 16 1,2,80,160
4 16 1,2,84,160
4 16 1,2,96,272
4 15 1,2,96,296
4 16 1,2,96,304
4 17 1,10,16,68
4 16 1,10,16,96
4 16 1,10,16,256
4 17 1,10,16,258
4 16 1,10,20,32
4 17 1,10,20,68
4 17 1,10,20,96
4 16 1,10,20,128
4 17 1,10,20,160
4 16 1,10,20,256
4 17 1,10,20,258
4 17 1,10,32,68
4 16 1,10,32,84
4 16 1,10,32,128
4 16 1,10,32,132
4 16 1,10,32,258
4 17 1,10,32,272
4 16 1,10,32,320
4 16 1,10,32,336
4 16 1,10,32,384
4 16 1,10,32,386
4 17 1,10,68,160
4 17 1,10,68,176
4 17 1,10,68,304
4 16 1,10,84,160
4 16 1,10,84,256
4 17 1,10,84,258
4 17 1,10,96,132
4 17 1,10,96,272
4 16 1,10,96,288
4 17 1,10,96,290
4 16 1,10,96,304
4 16 1,10,96,384
4 17 1,10,96,386
4 16 1,10,160,256
4 17 1,10,160,258
4 17 1,10,160,260
4 17 1,10,160,262
4 15 1,10,160,288
4 17 1,10,160,290
4 16 1,10,160,292
4 16 1,10,160,304
4 17 1,10,160,306
4 17 1,10,160,308
4 15 1,16,36,192
4 16 1,16,36,196
4 15 1,16,36,448
4 15 1,16,36,450
4 15 1,16,96,132
4 16 1,16,96,140
4 16 1,16,96,164
4 16 1,16,96,258
4 15 1,16,96,290
4 16 1,16,96,296
4 16 1,16,96,298
4 16 1,16,98,140
4 16 1,16,98,164
4 16 1,16,98,256
4 16 1,16,98,258
4 16 1,16,98,288
4 16 1,16,98,296
4 16 1,16,100,258
4 16 1,16,100,290
4 16 1,16,100,296
4 16 1,16,100,298
4 16 1,16,100,386
4 15 1,16,100,416
4 16 1,16,100,424
4 16 1,16,228,258
4 16 1,16,228,262
4 15 1,16,228,292
4 16 1,16,228,294
4 16 1,16,228,302
4 16 1,20,38,136
4 17 1,20,38,196
4 17 1,20,96,136
4 17 1,20,96,164
4 17 1,20,96,290
4 17 1,20,96,298
4 17 1,20,96,386
4 17 1,20,96,424
4 16 1,20,100,160
4 17 1,20,100,298
4 17 1,20,102,296
4 17 1,20,160,262
4 16 1,20,160,264
4 17 1,20,160,266
4 17 1,20,160,268
4 17 1,20,160,270
4 17 1,20,160,322
4 17 1,20,160,326
4 16 1,20,160,334
4 17 1,20,224,290
4 17 1,20,224,298
4 17 1,20,224,300
4 17 1,84,160,282
4 16 1,84,160,298
4 17 10,19,68,160
4 17 10,19,68,161
4 17 10,19,68,162
4 17 10,19,68,164
4 17 10,19,68,258
4 16 10,19,68,261
4 17 10,19,68,262
4 17 10,19,68,289
4 17 10,20,35,68
4 17 10,20,68,160
4 17 10,20,68,161
4 17 10,20,68,162
4 17 10,20,68,164
4 17 10,20,68,166
4 17 10,20,68,167
4 16 10,20,68,258
4 17 10,20,68,259
4 17 10,20,68,262
4 17 10,20,68,289
4 17 10,20,96,131
4 17 10,20,96,133
4 17 10,20,96,135
4 17 10,20,96,161
4 17 10,20,96,164
4 17 10,20,96,259
4 17 10,20,96,261
4 17 10,20,96,391
4 17 10,68,161,304
4 17 10,68,162,309
4 16 10,68,178,279
4 17 10,68,179,276
4 17 10,84,163,257
4 17 10,84,163,262
4 17 10,96,165,276
3 15 1,2,4
3 16 1,2,8
3 17 1,2,12
3 16 1,2,32
3 17 1,2,80
3 17 1,2,84
3 17 1,2,96
3 17 1,10,16
3 18 1,10,20
3 17 1,10,32
3 18 1,10,68
3 17 1,10,84
3 18 1,10,96
3 18 1,10,160
3 17 1,10,256
3 18 1,10,258
3 18 1,10,272
3 17 1,16,36
3 17 1,16,96
3 17 1,16,98
3 17 1,16,100
3 17 1,16,228
3 16 1,16,256
3 17 1,16,258
3 17 1,16,266
3 18 1,20,38
3 18 1,20,96
3 17 1,20,100
3 18 1,20,102
3 17 1,20,160
3 17 1,20,224
3 18 1,20,258
3 17 1,20,264
3 18 1,20,266
3 17 1,84,160
3 18 1,84,266
3 17 1,160,304
3 18 1,160,306
3 17 1,160,314
3 17 1,160,316
3 18 10,19,68
3 18 10,19,257
3 18 10,20,35
3 18 10,20,68
3 18 10,20,96
3 18 10,20,129
3 18 10,20,161
3 18 10,20,449
3 18 10,20,450
3 18 10,68,160
3 18 10,68,161
3 18 10,68,162
3 18 10,68,178
3 18 10,68,179
3 18 10,68,180
3 18 10,68,304
3 18 10,68,305
3 18 10,84,163
3 18 10,84,164
3 18 10,84,258
3 18 10,84,259
3 18 10,84,289
3 18 10,84,290
3 18 10,84,293
3 18 10,84,294
3 18 10,96,165
3 18 10,96,276
3 18 84,163,286
