leaflim 7 3 3 9 049 08a 010 009 011 002 0c0 040 000
leaflim 7 3 3 9 00d 010 025 028 038 000 100 080 040
leaflim 7 3 3 9 049 08a 010 009 011 002 080 040 000
leaflim 7 3 3 9 101 082 104 045 080 100 0c0 040 000
leaflim 7 3 3 9 040 1a4 009 008 034 001 040 080 040
leaflim 7 3 3 9 008 012 004 040 000 100 0c0 040 000
leaflim 7 3 3 9 0f6 12d 000 032 029 004 080 040 100
leaflim 7 3 3 9 02d 010 002 028 000 010 080 040 000
leaflim 8 2 5 9 002 003 005 028 031 008 010 020 005 006
leaflim 8 3 4 9 003 004 000 000 0c2 104 007 000 000 0c0 040 100
leaflim 8 4 3 9 009 012 000 048 090 009 00a 010 001 080 000 040
leaflim 8 4 3 9 009 12c 020 008 004 000 040 101 004 000 040 100
leaflim 8 3 4 9 001 01b 024 020 041 080 100 004 040 000 000 100
leaflim 8 4 3 9 030 018 008 040 080 100 000 000 000 180 0c0 040
leaflim 8 3 4 9 003 084 100 000 0c2 101 000 004 080 040 000 100
leaflim 8 4 3 9 001 002 008 018 008 009 043 081 001 0c0 040 040
leaflim 8 4 3 9 002 014 000 080 102 000 010 021 004 000 040 100
leaflim 8 3 4 9 001 002 004 000 040 082 106 001 180 080 040 040
leaflim 9 3 5 9 001 002 014 000 000 040 081 100 002 004 000 040 000 080 100
leaflim 9 5 3 9 011 012 010 000 002 003 042 090 019 018 010 008 080 000 040
leaflim 9 5 3 9 001 01a 010 040 080 01b 000 003 019 048 090 018 000 0c0 040
leaflim 9 3 5 9 04b 080 00b 004 020 018 000 018 020 000 040 000 040 000 100
leaflim 9 3 5 9 049 125 001 000 004 01a 020 009 024 000 000 040 040 000 100
leaflim 9 4 4 9 000 002 004 001 00a 014 022 001 010 020 010 008 040 000 000 040
leaflim 9 4 4 9 004 008 020 000 008 009 004 020 101 001 000 004 040 040 000 100
leaflim 9 4 4 9 049 124 008 020 000 000 003 000 008 020 001 004 000 000 040 100
leaflim 9 4 4 9 000 012 010 020 080 100 002 004 090 130 000 000 000 000 080 100
leaflim 9 4 4 9 003 004 001 004 01a 020 003 000 010 000 018 000 000 000 040 100
leaflim 10 3 6 9 041 092 104 008 020 000 008 012 020 001 004 000 0c0 000 000 000 040 100
leaflim 10 3 6 9 001 092 124 040 010 020 040 082 104 001 000 000 001 010 020 008 002 004
open 10 3 6 9 008 010 020 005 002 000 000 000 000 028 010 000 000 000 080 000 040 100
leaflim 10 3 6 9 040 0a2 124 009 010 004 009 014 024 000 002 004 040 000 000 040 000 100
leaflim 10 3 6 9 009 012 024 008 010 000 040 080 100 001 002 000 0c0 000 000 040 040 100
open 10 3 6 9 001 082 104 040 010 020 048 092 124 001 000 000 008 010 020 000 002 004
leaflim 10 3 6 9 082 004 040 100 010 020 082 120 009 024 000 000 010 020 000 000 002 004
open 10 4 5 9 003 004 000 000 000 018 000 010 008 020 000 100 040 080 000 0c0 000 080 040 100
open 10 4 5 9 00f 010 026 001 000 040 080 100 000 000 180 080 080 040 000 000 040 000 040 100
open 10 4 5 9 005 006 000 000 000 018 008 030 018 008 000 000 040 080 100 0c0 040 180 0c0 040
open 10 4 5 9 00a 010 020 001 000 000 000 008 008 020 080 000 000 040 000 000 000 040 040 100
open 10 5 4 9 040 080 002 000 001 000 010 004 008 010 000 000 000 000 080 000 040 000 000 100
open 10 5 4 9 002 002 002 005 008 010 020 000 018 008 000 000 080 080 080 140 0c0 040 000 000
open 10 4 5 9 044 080 104 005 000 002 000 001 000 004 100 000 100 140 000 080 000 040 000 100
open 10 4 5 9 081 0c2 044 100 000 002 003 001 004 000 041 080 100 001 004 040 000 000 040 100
open 10 5 4 9 141 080 002 000 001 002 000 004 028 010 000 000 040 000 080 000 040 080 000 100
open 10 5 4 9 005 006 000 000 140 182 001 004 018 000 008 000 000 080 040 100 0c0 000 040 000
open 11 3 7 9 009 012 001 002 004 000 000 040 080 000 001 000 002 004 000 000 000 040 000 080 100
open 11 3 7 9 001 002 004 008 010 000 000 040 081 100 001 000 002 004 000 040 000 040 000 080 100
open 11 3 7 9 009 012 020 001 002 000 000 000 000 100 040 080 000 000 000 040 000 000 000 080 100
open 11 3 7 9 049 093 000 001 000 002 004 008 010 001 002 004 000 000 000 040 000 040 000 080 100
open 11 3 7 9 009 013 024 008 010 002 004 008 010 020 001 002 000 000 000 040 000 000 000 080 100
open 11 3 7 9 048 093 000 001 000 002 004 008 010 001 002 004 000 000 040 040 000 040 000 080 100
open 11 3 7 9 104 008 010 020 000 000 000 020 009 012 024 008 010 020 000 008 010 020 001 002 004
open 11 3 7 9 041 082 100 001 002 000 000 008 011 000 008 010 002 004 000 040 000 000 000 080 100
open 11 3 7 9 008 012 000 001 000 002 004 000 000 008 010 020 000 000 040 000 000 040 000 080 100
open 11 4 6 9 008 010 001 002 000 000 041 081 000 001 002 004 000 000 008 010 000 000 040 040 000 040 080 100
open 11 4 6 9 009 012 024 000 000 000 002 001 000 002 002 004 010 000 000 018 000 000 000 040 000 040 080 100
open 11 4 6 9 000 002 004 000 002 004 00a 012 021 004 000 000 080 080 040 100 000 000 040 000 000 000 080 100
open 11 4 6 9 003 003 005 001 002 000 008 010 020 001 002 004 000 000 000 008 010 020 080 040 040 040 080 000
open 11 6 4 9 001 002 000 000 000 002 019 004 008 010 000 000 000 010 008 020 000 000 0c0 000 000 080 040 100
open 11 4 6 9 001 002 005 000 000 004 008 011 020 002 004 004 000 008 008 010 020 000 000 000 040 000 000 100
open 11 4 6 9 003 004 000 000 000 000 01a 021 001 000 000 004 000 000 008 010 020 000 080 040 040 000 000 100
open 11 4 6 9 001 012 024 020 000 000 041 080 100 004 000 000 001 010 020 020 002 004 040 000 000 000 080 100
open 12 4 7 9 001 002 004 008 010 000 000 040 081 100 000 002 002 004 000 000 000 040 080 000 000 000 040 000 040 000 080 100
open 12 4 7 9 040 082 104 000 000 002 004 009 010 022 001 004 002 004 000 000 010 008 020 000 000 040 000 000 000 000 080 100
open 12 4 7 9 009 010 025 001 000 000 004 040 080 100 001 002 004 000 000 000 000 040 080 100 000 000 080 040 040 000 000 100
open 12 4 7 9 024 000 000 000 001 002 004 000 001 002 004 000 000 000 000 008 010 020 000 000 000 000 000 000 000 040 080 100
open 12 4 7 9 040 080 100 001 002 000 000 008 010 020 000 000 000 000 000 000 000 040 080 000 000 000 040 000 000 040 080 100
open 12 4 7 9 001 002 004 000 000 002 004 008 010 020 001 004 000 000 000 000 000 040 100 000 000 000 000 000 000 000 080 100
open 12 4 7 9 009 124 080 100 000 000 000 041 100 002 004 000 000 000 008 020 000 000 001 002 004 000 000 000 000 040 080 100
open 12 4 7 9 041 082 124 020 000 000 000 001 002 020 024 000 000 000 000 000 000 000 001 002 004 000 000 000 000 040 080 100
open 12 4 7 9 009 024 000 000 000 002 004 000 000 001 002 004 000 000 000 000 008 010 020 000 000 000 000 000 000 000 080 100
open 12 4 7 9 049 092 124 008 010 020 000 000 000 000 001 002 004 000 008 010 020 000 000 000 004 000 000 000 000 000 000 100
open 12 4 7 9 001 002 004 000 000 000 000 040 080 100 004 000 000 000 000 000 000 020 001 002 004 000 000 000 000 040 080 100
