genuine 6 3 2 9 010 026 043 182 040 000
genuine 6 2 3 9 013 01d 004 01a 023 000
genuine 6 2 3 9 018 008 028 0c0 000 040
genuine 6 3 2 9 16c 000 008 024 040 000
genuine 6 2 3 9 036 010 000 030 002 000
genuine 6 3 2 9 14f 18f 02b 030 080 040
genuine 6 2 3 9 00f 030 003 080 040 040
genuine 6 3 2 9 040 1bf 002 039 080 040
genuine 6 2 3 9 175 1a6 018 02d 035 002
genuine 6 3 2 9 089 076 041 180 040 000
genuine 6 3 2 9 0d9 001 019 002 080 040
genuine 6 2 3 9 0c1 001 004 040 000 000
genuine 6 2 3 9 143 186 001 080 040 040
genuine 6 2 3 9 041 182 001 040 080 040
genuine 6 2 3 9 144 082 004 008 012 004
genuine 6 2 3 9 00a 010 004 011 002 000
genuine 6 3 2 9 051 18e 009 031 00a 009
genuine 6 2 3 9 0c0 0c0 000 080 040 100
genuine 6 3 2 9 14d 0ba 02e 014 080 040
genuine 6 3 2 9 02f 013 080 040 040 000
genuine 6 2 3 9 008 036 000 040 000 000
genuine 6 3 2 9 019 00a 0db 049 050 098
genuine 6 3 2 9 0fd 03e 143 180 01a 001
genuine 6 2 3 9 0fe 009 004 040 000 100
genuine 7 2 4 9 02d 013 002 004 080 000 040 000
genuine 7 4 2 9 059 08a 003 001 000 000 0c0 040
genuine 7 4 2 9 079 1a6 006 002 008 031 000 040
genuine 7 2 4 9 045 080 106 003 0c0 040 000 040
genuine 7 4 2 9 01b 000 003 002 010 018 040 040
genuine 7 2 4 9 042 187 000 004 02e 008 012 004
genuine 7 2 4 9 045 084 106 005 100 0c0 000 040
genuine 7 2 4 9 012 019 020 004 01a 003 004 000
genuine 7 2 4 9 045 106 001 000 040 000 000 100
genuine 7 2 4 9 001 002 005 004 008 010 020 000
genuine 7 4 2 9 02f 001 144 005 100 140 080 040
genuine 7 4 2 9 01b 008 0d8 001 019 001 040 040
genuine 7 4 2 9 04a 080 010 000 080 000 040 000
genuine 7 2 4 9 04a 082 124 011 011 000 024 01a
genuine 7 4 2 9 011 012 009 011 04a 089 080 040
genuine 7 4 2 9 00b 004 001 000 0c1 100 040 000
genuine 7 2 4 9 00c 016 024 002 080 040 000 000
genuine 7 4 2 9 002 004 000 000 080 100 090 120
genuine 7 2 4 9 02c 037 002 004 0c0 000 000 040
genuine 7 4 2 9 01b 000 0d8 01b 018 001 000 040
genuine 7 2 4 9 022 023 004 009 00c 014 020 001
genuine 7 2 4 9 051 18e 000 000 00a 030 002 004
genuine 7 2 4 9 053 080 12d 004 040 000 000 100
genuine 7 4 2 9 001 01a 009 011 041 080 040 000
leaflim 7 3 3 9 049 08a 010 009 011 002 0c0 040 000
genuine 7 3 3 9 005 002 000 140 084 001 080 000 040
leaflim 7 3 3 9 00d 010 025 028 038 000 100 080 040
genuine 7 3 3 9 083 044 000 0c1 100 004 040 000 100
genuine 7 3 3 9 01f 002 000 100 080 000 040 000 100
genuine 7 3 3 9 0fb 104 000 01f 020 000 080 040 100
genuine 7 3 3 9 16b 1b6 000 020 000 008 080 000 040
leaflim 7 3 3 9 049 08a 010 009 011 002 080 040 000
genuine 7 3 3 9 001 008 001 040 081 000 000 040 000
genuine 7 3 3 9 008 010 000 000 100 000 040 000 100
genuine 7 3 3 9 101 082 000 04c 092 000 029 000 004
genuine 7 3 3 9 040 080 124 008 010 024 040 080 000
leaflim 7 3 3 9 101 082 104 045 080 100 0c0 040 000
genuine 7 3 3 9 04b 092 125 018 000 008 040 000 000
genuine 7 3 3 9 009 000 000 000 010 020 000 000 000
genuine 7 3 3 9 00b 000 008 01a 000 001 080 000 040
leaflim 7 3 3 9 040 1a4 009 008 034 001 040 080 040
leaflim 7 3 3 9 008 012 004 040 000 100 0c0 040 000
leaflim 7 3 3 9 0f6 12d 000 032 029 004 080 040 100
genuine 7 3 3 9 040 180 005 000 000 140 080 040 000
genuine 7 3 3 9 018 000 008 000 100 140 0c0 000 040
leaflim 7 3 3 9 02d 010 002 028 000 010 080 040 000
genuine 7 3 3 9 155 092 038 02a 012 007 080 040 040
genuine 7 3 3 9 082 104 000 010 020 004 000 000 000
genuine 8 2 5 9 041 086 104 005 006 180 0c0 000 040 000
genuine 8 5 2 9 0d3 008 01a 001 002 001 010 008 080 040
genuine 8 2 5 9 008 016 025 002 000 0c0 000 000 040 100
genuine 8 2 5 9 043 082 105 001 004 002 000 001 03e 004
genuine 8 2 5 9 021 012 006 019 004 00c 012 020 003 000
genuine 8 5 2 9 005 000 141 000 028 004 008 000 000 100
genuine 8 2 5 9 040 082 104 000 004 001 012 000 009 004
genuine 8 2 5 9 045 080 102 005 000 080 000 040 000 100
leaflim 8 2 5 9 002 003 005 028 031 008 010 020 005 006
genuine 8 2 5 9 100 180 000 1c0 000 080 000 040 040 100
genuine 8 5 2 9 003 000 0da 003 019 001 010 018 040 040
genuine 8 5 2 9 00b 0c0 0c0 01b 001 018 0d8 018 040 000
genuine 8 2 5 9 043 080 104 003 004 180 0c0 040 040 000
genuine 8 5 2 9 001 000 00a 003 000 008 080 0c0 000 040
genuine 8 2 5 9 010 010 030 038 000 000 080 040 040 100
genuine 8 2 5 9 000 100 040 080 000 0c0 000 000 040 100
genuine 8 2 5 9 00d 012 020 005 002 080 040 000 040 000
genuine 8 2 5 9 045 086 104 003 000 000 000 040 040 100
genuine 8 5 2 9 001 010 040 01b 000 019 008 018 000 040
genuine 8 5 2 9 011 00a 001 000 04b 081 000 010 0c0 040
genuine 8 2 5 9 019 00a 01e 021 004 00b 011 023 004 000
genuine 8 5 2 9 002 000 000 004 080 000 010 100 080 020
genuine 8 5 2 9 16d 000 02c 003 000 001 020 018 000 040
genuine 8 2 5 9 043 084 106 005 000 040 000 0c0 040 100
genuine 8 4 3 9 003 019 004 0c0 003 000 018 000 000 000 040 100
genuine 8 4 3 9 012 008 020 0d2 009 024 0c8 008 020 040 000 000
genuine 8 3 4 9 005 002 02d 012 028 011 001 000 000 040 040 000
leaflim 8 3 4 9 003 004 000 000 0c2 104 007 000 000 0c0 040 100
leaflim 8 4 3 9 009 012 000 048 090 009 00a 010 001 080 000 040
leaflim 8 4 3 9 009 12c 020 008 004 000 040 101 004 000 040 100
genuine 8 4 3 9 019 02c 000 042 101 000 019 028 004 040 000 100
leaflim 8 3 4 9 001 01b 024 020 041 080 100 004 040 000 000 100
leaflim 8 3 4 9 019 005 028 004 042 104 005 000 000 040 000 100
leaflim 8 4 3 9 030 018 008 040 080 100 000 000 000 180 0c0 040
genuine 8 4 3 9 041 082 000 000 002 004 009 010 000 040 000 000
leaflim 8 3 4 9 003 084 100 000 0c2 101 000 004 080 040 000 100
genuine 8 3 4 9 041 082 104 000 004 000 001 006 080 040 000 040
genuine 8 4 3 9 009 01a 034 008 011 022 008 000 000 040 000 000
leaflim 8 4 3 9 001 002 008 018 008 009 043 081 001 0c0 040 040
genuine 8 4 3 9 00b 00a 00b 049 189 009 058 190 018 040 040 040
genuine 8 4 3 9 003 000 000 008 000 020 040 080 000 040 000 100
leaflim 8 3 4 9 00a 010 021 000 010 000 008 000 0c0 040 000 100
genuine 8 4 3 9 080 100 004 010 020 000 000 000 000 000 000 100
genuine 8 4 3 9 045 040 000 144 001 000 028 001 004 000 040 100
leaflim 8 3 4 9 145 186 000 000 02c 030 001 002 000 000 0c0 040
leaflim 8 4 3 9 002 014 000 080 102 000 010 021 004 000 040 100
genuine 8 4 3 9 16d 000 020 000 001 004 028 009 020 000 040 000
leaflim 8 3 4 9 001 002 004 000 040 082 106 001 180 080 040 040
genuine 9 2 6 9 008 008 018 020 000 000 000 040 000 000 080 100
genuine 9 2 6 9 009 012 024 001 000 000 000 040 000 040 080 100
genuine 9 2 6 9 031 003 014 018 002 004 00e 010 022 003 000 000
genuine 9 2 6 9 041 082 104 001 002 004 1c0 0c0 040 040 000 000
genuine 9 6 2 9 003 000 01a 001 000 008 0c0 000 080 040 000 040
genuine 9 6 2 9 000 002 008 001 008 010 000 008 040 000 000 040
genuine 9 2 6 9 009 012 025 004 000 000 000 040 000 000 080 100
genuine 9 6 2 9 001 006 020 010 008 000 040 180 100 080 040 000
genuine 9 2 6 9 009 012 024 001 002 000 080 000 040 040 040 100
genuine 9 2 6 9 020 020 000 008 030 000 040 000 080 000 040 100
genuine 9 2 6 9 041 082 106 001 004 000 040 0c0 000 080 040 100
genuine 9 2 6 9 043 105 002 001 000 004 002 001 00b 013 024 004
genuine 9 2 6 9 041 080 105 001 002 004 000 002 001 02c 010 004
genuine 9 2 6 9 000 000 008 010 020 000 080 0c0 0c0 040 000 100
genuine 9 2 6 9 083 104 000 000 002 004 010 022 001 004 000 000
genuine 9 2 6 9 021 022 024 009 010 004 00c 014 024 001 002 000
genuine 9 2 6 9 040 081 001 000 002 004 000 040 040 000 080 100
genuine 9 2 6 9 00d 016 020 001 006 000 000 080 040 080 040 100
genuine 9 2 6 9 041 082 104 003 004 000 080 000 040 000 000 100
genuine 9 2 6 9 010 010 010 008 000 000 000 040 000 040 080 100
genuine 9 6 2 9 001 000 009 004 000 000 008 020 040 000 040 100
genuine 9 2 6 9 145 083 001 000 002 004 024 001 008 012 002 004
genuine 9 6 2 9 011 000 042 000 011 004 008 000 080 000 040 100
genuine 9 2 6 9 009 012 024 005 002 000 000 080 040 0c0 040 100
genuine 10 2 7 9 009 012 024 001 002 004 000 000 000 000 000 000 000 100
genuine 10 2 7 9 041 104 000 000 001 002 004 009 000 012 024 001 002 004
genuine 10 2 7 9 041 082 100 001 002 000 000 000 040 000 040 000 080 100
genuine 10 2 7 9 009 024 010 020 000 000 000 008 020 002 004 000 000 000
genuine 10 2 7 9 000 000 000 100 000 000 000 000 000 000 000 040 080 100
genuine 10 2 7 9 104 001 002 004 000 000 000 000 000 000 000 040 080 100
genuine 10 2 7 9 040 083 000 001 000 002 004 001 001 009 013 024 002 004
genuine 10 2 7 9 024 001 002 004 000 000 000 000 000 000 000 040 080 100
genuine 10 2 7 9 009 012 026 001 004 000 000 000 000 000 000 000 080 100
genuine 10 2 7 9 009 012 024 008 010 020 000 008 010 020 001 002 004 000
genuine 10 2 7 9 041 104 008 010 020 000 000 008 020 001 002 004 002 004
genuine 10 2 7 9 001 002 006 009 010 020 004 008 010 020 001 002 004 000
genuine 10 2 7 9 009 012 024 001 002 004 000 000 080 000 000 000 040 100
genuine 10 2 7 9 000 000 010 008 020 000 000 000 000 000 000 000 080 100
genuine 10 2 7 9 040 104 001 000 000 002 004 001 000 008 012 024 002 004
genuine 10 2 7 9 009 012 024 001 002 004 000 000 000 040 040 000 000 100
genuine 10 2 7 9 049 092 136 009 024 002 004 000 000 000 000 000 080 100
genuine 10 2 7 9 000 008 000 000 000 010 020 000 040 000 000 000 080 100
genuine 10 2 7 9 041 082 008 010 020 000 000 009 010 001 003 004 002 004
genuine 10 2 7 9 040 104 002 004 000 000 000 000 000 000 000 040 080 100
genuine 10 2 7 9 041 082 104 001 002 000 000 000 040 000 040 000 080 100
genuine 10 2 7 9 009 024 002 004 000 000 000 000 000 000 000 040 080 100
genuine 10 2 7 9 000 000 010 020 000 000 000 000 000 000 000 040 080 100
genuine 10 2 7 9 041 082 104 000 000 002 004 000 000 012 009 024 002 004
leaflim 9 3 5 9 001 002 014 000 000 040 081 100 002 004 000 040 000 080 100
leaflim 9 5 3 9 003 000 000 0c0 005 002 002 029 010 018 000 000 080 040 000
genuine 9 5 3 9 001 002 020 008 000 004 041 080 000 000 010 020 040 000 000
genuine 9 3 5 9 009 024 002 004 000 000 000 080 100 000 040 000 000 000 100
genuine 9 5 3 9 004 000 000 020 000 004 000 000 020 040 100 000 000 000 100
leaflim 9 5 3 9 019 00a 008 024 000 02d 043 081 001 008 010 000 0c0 040 040
leaflim 9 5 3 9 005 000 002 028 030 000 010 008 000 140 000 080 080 040 000
leaflim 9 5 3 9 011 012 010 000 002 003 042 090 019 018 010 008 080 000 040
genuine 9 5 3 9 001 000 000 048 009 024 009 000 000 000 040 100 040 000 000
leaflim 9 5 3 9 001 01a 010 040 080 01b 000 003 019 048 090 018 000 0c0 040
genuine 9 3 5 9 008 010 020 000 000 180 180 080 0c0 000 040 080 000 040 100
genuine 9 3 5 9 145 186 000 000 000 02e 032 001 000 000 000 000 040 080 100
genuine 9 3 5 9 00f 010 022 000 005 000 010 010 018 020 1c0 080 000 0c0 040
leaflim 9 3 5 9 04b 080 00b 004 020 018 000 018 020 000 040 000 040 000 100
genuine 9 5 3 9 002 000 000 090 001 002 011 003 001 000 008 010 040 0c0 040
genuine 9 3 5 9 041 082 104 000 000 000 002 002 001 000 040 040 080 040 100
genuine 9 3 5 9 001 002 004 000 000 044 086 106 005 000 000 000 0c0 040 100
genuine 9 3 5 9 041 104 000 000 000 008 020 002 004 000 000 040 000 000 100
genuine 9 3 5 9 000 004 004 001 002 018 000 008 000 008 0c0 000 040 000 040
genuine 9 3 5 9 042 083 000 000 000 000 000 001 002 004 000 000 040 080 100
genuine 9 5 3 9 1c2 003 000 001 000 004 038 000 000 080 0c0 000 040 000 100
leaflim 9 3 5 9 049 125 001 000 004 01a 020 009 024 000 000 040 040 000 100
genuine 9 3 5 9 009 012 024 001 004 000 010 020 008 000 000 000 000 040 100
genuine 9 5 3 9 009 014 026 008 000 000 040 080 100 000 180 080 040 000 000
leaflim 9 4 4 9 091 04a 000 000 043 081 002 004 058 098 000 000 040 000 080 100
leaflim 9 4 4 9 003 024 020 000 01b 020 004 000 0c0 000 100 000 040 080 040 100
leaflim 9 4 4 9 000 002 004 001 00a 014 022 001 010 020 010 008 040 000 000 040
leaflim 9 4 4 9 004 008 020 000 008 009 004 020 101 001 000 004 040 040 000 100
leaflim 9 4 4 9 009 012 008 010 008 010 001 002 000 000 040 080 080 040 000 000
leaflim 9 4 4 9 049 124 008 020 000 000 003 000 008 020 001 004 000 000 040 100
leaflim 9 4 4 9 02d 036 000 000 005 002 003 004 020 010 018 000 040 000 000 100
leaflim 9 4 4 9 000 012 010 020 080 100 002 004 090 130 000 000 000 000 080 100
leaflim 9 4 4 9 003 004 000 000 018 021 001 004 020 000 008 000 000 040 040 100
genuine 9 4 4 9 008 000 000 000 040 080 100 000 080 000 080 100 040 000 000 000
genuine 9 4 4 9 000 001 004 000 008 010 020 004 000 000 000 020 000 000 000 100
genuine 9 4 4 9 008 010 020 000 018 008 000 000 100 000 000 040 0c0 040 000 000
leaflim 9 4 4 9 002 004 000 000 010 020 001 004 000 000 018 000 000 000 040 100
genuine 9 4 4 9 002 000 000 000 008 010 008 020 000 040 080 000 040 080 040 100
genuine 9 4 4 9 049 092 000 000 001 010 012 024 008 011 000 000 000 040 000 000
leaflim 9 4 4 9 009 092 040 000 008 012 001 000 04a 080 009 004 080 000 040 100
leaflim 9 4 4 9 003 004 001 004 01a 020 003 000 010 000 018 000 000 000 040 100
genuine 9 4 4 9 001 002 004 000 012 000 000 001 040 080 100 001 000 000 000 040
genuine 9 4 4 9 009 024 008 020 040 100 001 004 009 020 001 000 040 000 040 000
genuine 9 4 4 9 051 09a 000 000 001 000 002 004 00b 011 000 000 0c0 040 000 000
genuine 9 4 4 9 018 020 007 000 000 008 000 020 000 000 1c0 000 000 040 000 100
leaflim 9 4 4 9 001 002 000 000 064 080 02d 012 009 013 001 000 040 0c0 040 000
genuine 9 4 4 9 140 081 002 000 000 008 010 000 000 040 080 000 000 000 000 100
leaflim 9 4 4 9 00a 010 022 005 010 008 000 000 080 000 080 140 080 040 000 000
genuine 10 6 3 9 003 000 000 0c0 003 000 001 000 004 000 018 000 000 0c0 000 040 000 100
genuine 10 3 6 9 009 016 024 001 002 000 008 000 000 000 000 020 040 000 000 000 000 100
leaflim 10 3 6 9 00b 015 022 005 001 005 000 000 000 008 010 020 0c0 140 080 100 0c0 040
leaflim 10 3 6 9 040 0a3 127 00a 011 004 009 015 027 003 003 004 040 040 0c0 080 040 100
genuine 10 3 6 9 001 002 004 000 000 000 044 084 100 005 002 000 000 000 040 000 000 100
leaflim 10 3 6 9 041 092 104 008 020 000 008 012 020 001 004 000 0c0 000 000 000 040 100
genuine 10 6 3 9 005 002 000 024 002 019 028 010 000 020 010 008 100 000 0c0 100 080 040
genuine 10 3 6 9 003 004 000 000 000 000 0c0 100 001 002 004 000 000 080 040 000 040 100
genuine 10 3 6 9 001 012 036 001 024 020 041 080 100 001 000 004 040 000 000 040 000 100
genuine 10 3 6 9 008 010 020 000 000 000 100 000 000 040 080 000 080 040 000 040 040 100
genuine 10 3 6 9 104 008 010 020 000 000 020 001 002 004 000 000 000 009 010 020 002 004
leaflim 10 3 6 9 001 092 124 040 010 020 040 082 104 001 000 000 001 010 020 008 002 004
open 10 3 6 9 008 010 020 005 002 000 000 000 000 028 010 000 000 000 080 000 040 100
genuine 10 3 6 9 00b 010 025 004 000 000 000 000 000 000 010 020 000 000 000 000 080 100
genuine 10 3 6 9 000 000 010 008 000 020 000 000 000 0c0 100 000 000 000 080 040 000 100
leaflim 10 3 6 9 040 0a2 124 009 010 004 009 014 024 000 002 004 040 000 000 040 000 100
leaflim 10 3 6 9 009 012 024 008 010 000 040 080 100 001 002 000 0c0 000 000 040 040 100
open 10 3 6 9 001 082 104 040 010 020 048 092 124 001 000 000 008 010 020 000 002 004
leaflim 10 3 6 9 049 124 001 000 002 004 009 020 002 004 000 000 000 000 040 000 080 100
leaflim 10 3 6 9 009 032 004 008 030 000 040 084 104 001 006 000 000 040 080 040 000 100
genuine 10 6 3 9 001 012 004 040 082 100 008 010 020 008 000 000 000 080 000 040 000 000
genuine 10 3 6 9 001 002 004 000 000 000 040 080 100 001 002 004 140 0c0 040 080 040 000
genuine 10 3 6 9 140 180 001 002 004 000 000 000 040 080 100 000 0c0 040 000 000 040 100
leaflim 10 3 6 9 082 004 040 100 010 020 082 120 009 024 000 000 010 020 000 000 002 004
genuine 10 4 5 9 005 002 000 000 004 028 010 001 002 004 000 000 008 010 000 000 000 000 000 100
open 10 4 5 9 003 004 000 000 000 018 000 010 008 020 000 100 040 080 000 0c0 000 080 040 100
open 10 4 5 9 00f 010 026 001 000 040 080 100 000 000 180 080 080 040 000 000 040 000 040 100
open 10 4 5 9 005 006 000 000 000 018 008 030 018 008 000 000 040 080 100 0c0 040 180 0c0 040
open 10 4 5 9 00a 010 020 001 000 000 000 008 008 020 080 000 000 040 000 000 000 040 040 100
open 10 5 4 9 040 080 002 000 001 000 010 004 008 010 000 000 000 000 080 000 040 000 000 100
open 10 4 5 9 001 000 000 000 000 040 001 002 004 000 008 002 000 001 004 000 080 000 040 100
genuine 10 4 5 9 008 010 020 000 000 010 008 000 008 020 080 100 000 040 000 080 040 000 040 100
open 10 5 4 9 002 002 002 005 008 010 020 000 018 008 000 000 080 080 080 140 0c0 040 000 000
genuine 10 4 5 9 000 000 012 008 004 008 010 020 000 000 000 000 080 040 000 000 000 000 040 100
open 10 4 5 9 004 004 000 005 006 008 012 021 002 001 000 010 008 010 008 000 080 040 080 040
open 10 5 4 9 049 08a 020 010 000 000 005 002 001 001 029 010 008 010 028 010 040 040 040 000
open 10 4 5 9 009 012 000 000 000 000 002 003 002 005 000 000 008 010 020 000 080 080 000 040
genuine 10 5 4 9 044 080 001 000 000 000 000 004 020 000 008 000 100 000 040 000 000 000 000 100
open 10 4 5 9 01a 012 024 002 004 008 010 020 000 000 0c0 080 100 000 000 040 000 000 080 100
genuine 10 4 5 9 004 000 000 010 020 000 001 004 000 000 100 000 000 002 004 000 000 000 080 100
open 10 4 5 9 044 080 104 005 000 002 000 001 000 004 100 000 100 140 000 080 000 040 000 100
open 10 4 5 9 081 0c2 044 100 000 002 003 001 004 000 041 080 100 001 004 040 000 000 040 100
open 10 4 5 9 091 002 040 010 020 042 080 001 000 000 010 000 001 012 024 058 090 000 010 020
genuine 10 5 4 9 008 010 020 000 000 000 000 000 010 000 008 020 040 080 100 000 080 000 040 100
open 10 5 4 9 141 080 002 000 001 002 000 004 028 010 000 000 040 000 080 000 040 080 000 100
genuine 10 4 5 9 001 006 000 000 000 000 008 008 010 020 000 080 040 000 000 000 040 040 080 100
open 10 4 5 9 01b 024 003 004 000 000 018 010 008 020 000 000 0c0 100 000 000 0c0 080 040 100
open 10 5 4 9 005 006 000 000 140 182 001 004 018 000 008 000 000 080 040 100 0c0 000 040 000
genuine 11 3 7 9 041 082 104 008 020 000 000 000 000 000 009 024 010 020 000 000 000 008 020 002 004
genuine 11 3 7 9 008 000 000 000 000 010 020 000 000 080 040 100 000 000 040 000 000 000 000 080 100
genuine 11 3 7 9 104 008 010 020 000 000 000 020 001 002 004 000 000 000 000 000 000 000 040 080 100
genuine 11 3 7 9 008 010 020 000 000 002 004 000 000 000 000 000 010 020 000 000 000 000 000 080 100
genuine 11 3 7 9 001 002 004 000 000 000 000 040 080 100 001 002 000 000 000 040 000 000 000 080 100
open 11 3 7 9 009 012 001 002 004 000 000 040 080 000 001 000 002 004 000 000 000 040 000 080 100
open 11 3 7 9 001 002 004 008 010 000 000 040 081 100 001 000 002 004 000 040 000 040 000 080 100
genuine 11 3 7 9 008 012 024 001 000 000 004 000 000 000 008 010 020 000 040 000 000 040 000 000 100
open 11 3 7 9 009 012 020 001 002 000 000 000 000 100 040 080 000 000 000 040 000 000 000 080 100
open 11 3 7 9 049 093 000 001 000 002 004 008 010 001 002 004 000 000 000 040 000 040 000 080 100
genuine 11 3 7 9 009 012 024 001 002 000 004 000 000 000 008 010 020 000 000 000 000 040 080 000 100
genuine 11 3 7 9 001 002 004 000 000 000 000 000 000 010 008 020 000 000 040 000 000 000 000 080 100
genuine 11 3 7 9 049 092 124 020 001 002 004 008 010 020 004 000 000 000 000 000 000 000 040 080 100
open 11 3 7 9 009 013 024 008 010 002 004 008 010 020 001 002 000 000 000 040 000 000 000 080 100
genuine 11 3 7 9 049 092 124 000 001 002 004 008 010 020 024 000 000 000 000 000 000 000 040 080 100
open 11 3 7 9 048 093 000 001 000 002 004 008 010 001 002 004 000 000 040 040 000 040 000 080 100
open 11 3 7 9 104 008 010 020 000 000 000 020 009 012 024 008 010 020 000 008 010 020 001 002 004
open 11 3 7 9 041 082 100 001 002 000 000 008 011 000 008 010 002 004 000 040 000 000 000 080 100
genuine 11 3 7 9 008 010 020 000 000 000 000 000 000 100 040 080 000 000 000 000 000 000 040 080 100
genuine 11 3 7 9 048 092 000 001 000 002 004 008 010 001 002 004 000 000 040 000 000 040 000 080 100
genuine 11 3 7 9 009 012 020 001 002 000 000 000 008 000 008 000 010 020 000 040 000 040 000 080 100
genuine 11 3 7 9 041 082 104 000 000 000 000 000 000 000 001 002 000 000 000 040 000 040 000 080 100
genuine 11 3 7 9 001 002 004 000 000 000 000 000 000 000 008 010 020 000 040 080 000 040 080 000 100
open 11 3 7 9 008 012 000 001 000 002 004 000 000 008 010 020 000 000 040 000 000 040 000 080 100
open 11 4 6 9 049 092 124 000 000 000 008 034 004 009 036 000 008 010 021 000 000 004 000 000 040 000 000 100
genuine 11 4 6 9 001 002 004 000 002 004 00a 012 020 001 000 000 010 010 000 008 000 000 000 000 000 000 080 100
open 11 6 4 9 005 002 000 000 028 010 005 002 008 000 010 008 140 080 000 000 000 000 140 080 040 000 080 040
open 11 4 6 9 008 010 001 002 000 000 041 081 000 001 002 004 000 000 008 010 000 000 040 040 000 040 080 100
open 11 4 6 9 009 012 024 000 000 000 002 001 000 002 002 004 010 000 000 018 000 000 000 040 000 040 080 100
open 11 6 4 9 003 004 000 000 018 020 002 000 000 000 010 000 000 008 000 020 000 000 080 000 000 040 000 100
open 11 4 6 9 041 082 104 000 000 000 000 000 002 001 004 000 009 010 030 008 020 004 040 000 000 000 000 100
open 11 4 6 9 000 002 004 000 002 004 00a 012 021 004 000 000 080 080 040 100 000 000 040 000 000 000 080 100
open 11 4 6 9 003 003 005 001 002 000 008 010 020 001 002 004 000 000 000 008 010 020 080 040 040 040 080 000
genuine 11 6 4 9 001 004 000 000 000 008 020 000 000 000 008 020 040 100 000 000 000 040 100 000 000 000 040 100
open 11 6 4 9 001 002 000 000 000 002 019 004 008 010 000 000 000 010 008 020 000 000 0c0 000 000 080 040 100
open 11 4 6 9 041 082 104 000 000 000 004 000 004 005 002 000 029 011 002 029 010 004 040 040 080 040 000 100
open 11 4 6 9 001 002 005 000 000 004 008 011 020 002 004 004 000 008 008 010 020 000 000 000 040 000 000 100
open 11 4 6 9 041 082 000 000 000 000 00a 010 001 000 005 004 000 000 008 010 020 000 080 000 000 080 040 100
open 11 4 6 9 009 010 025 001 000 004 000 004 004 001 006 000 000 020 020 008 030 000 000 080 040 040 000 100
open 11 6 4 9 001 002 004 000 012 000 024 013 010 000 020 019 008 010 020 000 080 000 100 0c0 000 000 000 040
open 11 4 6 9 003 004 000 000 000 000 01a 021 001 000 000 004 000 000 008 010 020 000 080 040 040 000 000 100
open 11 4 6 9 001 012 024 020 000 000 041 080 100 004 000 000 001 010 020 020 002 004 040 000 000 000 080 100
genuine 11 4 6 9 009 012 000 000 000 000 000 001 001 003 004 004 000 000 008 010 020 000 000 040 000 040 000 100
open 11 6 4 9 005 002 000 000 028 010 005 002 020 010 010 008 140 080 000 000 000 000 140 080 100 080 080 040
genuine 11 6 4 9 000 002 005 000 008 000 009 004 008 010 020 000 000 000 008 020 040 000 040 000 000 000 040 100
open 11 4 6 9 059 082 124 008 000 000 002 002 000 001 000 000 008 011 020 000 002 004 000 040 000 000 080 100
open 11 4 6 9 012 024 008 010 020 000 080 100 001 002 004 000 000 001 009 010 020 004 000 040 040 000 000 100
open 11 4 6 9 001 002 004 001 002 004 008 010 020 000 000 000 000 000 000 040 080 100 040 0c0 040 080 040 000
open 12 4 7 9 004 048 090 120 008 010 020 100 001 002 004 000 000 000 000 008 010 020 009 012 024 120 008 010 020 008 010 020
open 12 4 7 9 001 002 004 008 010 000 000 040 081 100 000 002 002 004 000 000 000 040 080 000 000 000 040 000 040 000 080 100
open 12 4 7 9 008 010 024 001 002 000 000 000 008 000 008 000 010 020 000 000 100 040 080 000 000 000 040 000 040 000 080 100
open 12 4 7 9 040 082 104 000 000 002 004 009 010 022 001 004 002 004 000 000 010 008 020 000 000 040 000 000 000 000 080 100
open 12 4 7 9 009 010 025 001 000 000 004 040 080 100 001 002 004 000 000 000 000 040 080 100 000 000 080 040 040 000 000 100
open 12 4 7 9 024 000 000 000 001 002 004 000 001 002 004 000 000 000 000 008 010 020 000 000 000 000 000 000 000 040 080 100
genuine 12 4 7 9 000 000 000 000 000 010 020 040 080 100 000 000 000 000 000 000 080 040 100 000 000 000 000 000 000 000 080 100
open 12 4 7 9 040 080 100 001 002 000 000 008 010 020 000 000 000 000 000 000 000 040 080 000 000 000 040 000 000 040 080 100
open 12 4 7 9 001 002 004 000 000 002 004 008 010 020 001 004 000 000 000 000 000 040 100 000 000 000 000 000 000 000 080 100
open 12 4 7 9 049 092 126 001 004 000 000 009 010 020 001 000 002 004 000 000 010 008 020 000 000 040 000 000 040 000 080 100
open 12 4 7 9 009 124 080 100 000 000 000 041 100 002 004 000 000 000 008 020 000 000 001 002 004 000 000 000 000 040 080 100
genuine 12 4 7 9 008 010 020 000 000 000 000 008 000 000 000 000 010 020 000 000 080 040 100 000 000 040 000 000 000 000 080 100
open 12 4 7 9 008 010 024 001 002 000 000 000 008 000 000 000 010 020 000 000 100 040 080 000 000 000 040 000 000 000 080 100
open 12 4 7 9 041 082 124 020 000 000 000 001 002 020 024 000 000 000 000 000 000 000 001 002 004 000 000 000 000 040 080 100
open 12 4 7 9 009 024 000 000 000 002 004 000 000 001 002 004 000 000 000 000 008 010 020 000 000 000 000 000 000 000 080 100
open 12 4 7 9 049 092 124 008 010 020 000 000 000 000 001 002 004 000 008 010 020 000 000 000 004 000 000 000 000 000 000 100
open 12 4 7 9 049 092 000 000 000 000 000 008 010 009 012 024 000 000 008 011 000 001 000 002 004 000 040 000 040 000 080 100
open 12 4 7 9 041 082 104 000 000 000 000 009 010 021 001 002 005 004 000 000 000 008 010 020 000 040 000 040 000 000 040 100
open 12 4 7 9 001 002 004 000 000 000 000 040 080 100 004 000 000 000 000 000 000 020 001 002 004 000 000 000 000 040 080 100
