root_1,1,1 16 9 9 9 000 008 040 000 000 000 000 000 000 000 000 000 001 008 040 000 000 000 000 000 000 000 000 000 001 008 040 002 010 080 000 000 000 000 000 000 000 000 000 002 010 080 000 000 000 000 000 000 000 000 000 002 010 080 004 020 100 000 000 000 000 000 000 000 000 000 004 020 100 000 000 000 000 000 000 000 000 000 004 020 100
root_1,1,2 16 9 9 9 003 008 040 000 000 000 000 000 000 000 000 000 001 008 040 000 000 000 000 000 000 000 000 000 001 008 040 002 010 080 000 000 000 000 000 000 000 000 000 002 010 080 000 000 000 000 000 000 000 000 000 002 010 080 004 020 100 000 000 000 000 000 000 000 000 000 004 020 100 000 000 000 000 000 000 000 000 000 004 020 100
root_1,1,8 16 9 9 9 009 008 040 000 000 000 000 000 000 000 000 000 001 008 040 000 000 000 000 000 000 000 000 000 001 008 040 002 010 080 000 000 000 000 000 000 000 000 000 002 010 080 000 000 000 000 000 000 000 000 000 002 010 080 004 020 100 000 000 000 000 000 000 000 000 000 004 020 100 000 000 000 000 000 000 000 000 000 004 020 100
root_1,1,10 16 9 9 9 00b 008 040 000 000 000 000 000 000 000 000 000 001 008 040 000 000 000 000 000 000 000 000 000 001 008 040 002 010 080 000 000 000 000 000 000 000 000 000 002 010 080 000 000 000 000 000 000 000 000 000 002 010 080 004 020 100 000 000 000 000 000 000 000 000 000 004 020 100 000 000 000 000 000 000 000 000 000 004 020 100
root_1,1,11 16 9 9 9 00a 008 040 000 000 000 000 000 000 000 000 000 001 008 040 000 000 000 000 000 000 000 000 000 001 008 040 002 010 080 000 000 000 000 000 000 000 000 000 002 010 080 000 000 000 000 000 000 000 000 000 002 010 080 004 020 100 000 000 000 000 000 000 000 000 000 004 020 100 000 000 000 000 000 000 000 000 000 004 020 100
root_1,1,16 16 9 9 9 011 008 040 000 000 000 000 000 000 000 000 000 001 008 040 000 000 000 000 000 000 000 000 000 001 008 040 002 010 080 000 000 000 000 000 000 000 000 000 002 010 080 000 000 000 000 000 000 000 000 000 002 010 080 004 020 100 000 000 000 000 000 000 000 000 000 004 020 100 000 000 000 000 000 000 000 000 000 004 020 100
root_1,1,20 16 9 9 9 015 008 040 000 000 000 000 000 000 000 000 000 001 008 040 000 000 000 000 000 000 000 000 000 001 008 040 002 010 080 000 000 000 000 000 000 000 000 000 002 010 080 000 000 000 000 000 000 000 000 000 002 010 080 004 020 100 000 000 000 000 000 000 000 000 000 004 020 100 000 000 000 000 000 000 000 000 000 004 020 100
root_1,1,80 16 9 9 9 051 008 040 000 000 000 000 000 000 000 000 000 001 008 040 000 000 000 000 000 000 000 000 000 001 008 040 002 010 080 000 000 000 000 000 000 000 000 000 002 010 080 000 000 000 000 000 000 000 000 000 002 010 080 004 020 100 000 000 000 000 000 000 000 000 000 004 020 100 000 000 000 000 000 000 000 000 000 004 020 100
root_1,1,84 16 9 9 9 055 008 040 000 000 000 000 000 000 000 000 000 001 008 040 000 000 000 000 000 000 000 000 000 001 008 040 002 010 080 000 000 000 000 000 000 000 000 000 002 010 080 000 000 000 000 000 000 000 000 000 002 010 080 004 020 100 000 000 000 000 000 000 000 000 000 004 020 100 000 000 000 000 000 000 000 000 000 004 020 100
root_1,1,85 16 9 9 9 054 008 040 000 000 000 000 000 000 000 000 000 001 008 040 000 000 000 000 000 000 000 000 000 001 008 040 002 010 080 000 000 000 000 000 000 000 000 000 002 010 080 000 000 000 000 000 000 000 000 000 002 010 080 004 020 100 000 000 000 000 000 000 000 000 000 004 020 100 000 000 000 000 000 000 000 000 000 004 020 100
root_1,1,160 16 9 9 9 0a1 008 040 000 000 000 000 000 000 000 000 000 001 008 040 000 000 000 000 000 000 000 000 000 001 008 040 002 010 080 000 000 000 000 000 000 000 000 000 002 010 080 000 000 000 000 000 000 000 000 000 002 010 080 004 020 100 000 000 000 000 000 000 000 000 000 004 020 100 000 000 000 000 000 000 000 000 000 004 020 100
root_1,8,1 16 9 9 9 001 008 040 001 000 000 000 000 000 000 000 000 001 008 040 000 000 000 000 000 000 000 000 000 001 008 040 002 010 080 000 000 000 000 000 000 000 000 000 002 010 080 000 000 000 000 000 000 000 000 000 002 010 080 004 020 100 000 000 000 000 000 000 000 000 000 004 020 100 000 000 000 000 000 000 000 000 000 004 020 100
root_1,8,2 16 9 9 9 001 008 040 002 000 000 000 000 000 000 000 000 001 008 040 000 000 000 000 000 000 000 000 000 001 008 040 002 010 080 000 000 000 000 000 000 000 000 000 002 010 080 000 000 000 000 000 000 000 000 000 002 010 080 004 020 100 000 000 000 000 000 000 000 000 000 004 020 100 000 000 000 000 000 000 000 000 000 004 020 100
root_1,8,8 16 9 9 9 001 008 040 008 000 000 000 000 000 000 000 000 001 008 040 000 000 000 000 000 000 000 000 000 001 008 040 002 010 080 000 000 000 000 000 000 000 000 000 002 010 080 000 000 000 000 000 000 000 000 000 002 010 080 004 020 100 000 000 000 000 000 000 000 000 000 004 020 100 000 000 000 000 000 000 000 000 000 004 020 100
root_1,8,10 16 9 9 9 001 008 040 00a 000 000 000 000 000 000 000 000 001 008 040 000 000 000 000 000 000 000 000 000 001 008 040 002 010 080 000 000 000 000 000 000 000 000 000 002 010 080 000 000 000 000 000 000 000 000 000 002 010 080 004 020 100 000 000 000 000 000 000 000 000 000 004 020 100 000 000 000 000 000 000 000 000 000 004 020 100
root_1,8,11 16 9 9 9 001 008 040 00b 000 000 000 000 000 000 000 000 001 008 040 000 000 000 000 000 000 000 000 000 001 008 040 002 010 080 000 000 000 000 000 000 000 000 000 002 010 080 000 000 000 000 000 000 000 000 000 002 010 080 004 020 100 000 000 000 000 000 000 000 000 000 004 020 100 000 000 000 000 000 000 000 000 000 004 020 100
root_1,8,16 16 9 9 9 001 008 040 010 000 000 000 000 000 000 000 000 001 008 040 000 000 000 000 000 000 000 000 000 001 008 040 002 010 080 000 000 000 000 000 000 000 000 000 002 010 080 000 000 000 000 000 000 000 000 000 002 010 080 004 020 100 000 000 000 000 000 000 000 000 000 004 020 100 000 000 000 000 000 000 000 000 000 004 020 100
root_1,8,20 16 9 9 9 001 008 040 014 000 000 000 000 000 000 000 000 001 008 040 000 000 000 000 000 000 000 000 000 001 008 040 002 010 080 000 000 000 000 000 000 000 000 000 002 010 080 000 000 000 000 000 000 000 000 000 002 010 080 004 020 100 000 000 000 000 000 000 000 000 000 004 020 100 000 000 000 000 000 000 000 000 000 004 020 100
root_1,8,80 16 9 9 9 001 008 040 050 000 000 000 000 000 000 000 000 001 008 040 000 000 000 000 000 000 000 000 000 001 008 040 002 010 080 000 000 000 000 000 000 000 000 000 002 010 080 000 000 000 000 000 000 000 000 000 002 010 080 004 020 100 000 000 000 000 000 000 000 000 000 004 020 100 000 000 000 000 000 000 000 000 000 004 020 100
root_1,8,84 16 9 9 9 001 008 040 054 000 000 000 000 000 000 000 000 001 008 040 000 000 000 000 000 000 000 000 000 001 008 040 002 010 080 000 000 000 000 000 000 000 000 000 002 010 080 000 000 000 000 000 000 000 000 000 002 010 080 004 020 100 000 000 000 000 000 000 000 000 000 004 020 100 000 000 000 000 000 000 000 000 000 004 020 100
root_1,8,85 16 9 9 9 001 008 040 055 000 000 000 000 000 000 000 000 001 008 040 000 000 000 000 000 000 000 000 000 001 008 040 002 010 080 000 000 000 000 000 000 000 000 000 002 010 080 000 000 000 000 000 000 000 000 000 002 010 080 004 020 100 000 000 000 000 000 000 000 000 000 004 020 100 000 000 000 000 000 000 000 000 000 004 020 100
root_1,8,160 16 9 9 9 001 008 040 0a0 000 000 000 000 000 000 000 000 001 008 040 000 000 000 000 000 000 000 000 000 001 008 040 002 010 080 000 000 000 000 000 000 000 000 000 002 010 080 000 000 000 000 000 000 000 000 000 002 010 080 004 020 100 000 000 000 000 000 000 000 000 000 004 020 100 000 000 000 000 000 000 000 000 000 004 020 100
root_1,10,1 16 9 9 9 001 009 040 001 000 000 000 000 000 000 000 000 001 008 040 000 000 000 000 000 000 000 000 000 001 008 040 002 010 080 000 000 000 000 000 000 000 000 000 002 010 080 000 000 000 000 000 000 000 000 000 002 010 080 004 020 100 000 000 000 000 000 000 000 000 000 004 020 100 000 000 000 000 000 000 000 000 000 004 020 100
root_1,10,2 16 9 9 9 001 00a 040 002 000 000 000 000 000 000 000 000 001 008 040 000 000 000 000 000 000 000 000 000 001 008 040 002 010 080 000 000 000 000 000 000 000 000 000 002 010 080 000 000 000 000 000 000 000 000 000 002 010 080 004 020 100 000 000 000 000 000 000 000 000 000 004 020 100 000 000 000 000 000 000 000 000 000 004 020 100
root_1,10,4 16 9 9 9 001 00c 040 004 000 000 000 000 000 000 000 000 001 008 040 000 000 000 000 000 000 000 000 000 001 008 040 002 010 080 000 000 000 000 000 000 000 000 000 002 010 080 000 000 000 000 000 000 000 000 000 002 010 080 004 020 100 000 000 000 000 000 000 000 000 000 004 020 100 000 000 000 000 000 000 000 000 000 004 020 100
root_1,10,8 16 9 9 9 001 000 040 008 000 000 000 000 000 000 000 000 001 008 040 000 000 000 000 000 000 000 000 000 001 008 040 002 010 080 000 000 000 000 000 000 000 000 000 002 010 080 000 000 000 000 000 000 000 000 000 002 010 080 004 020 100 000 000 000 000 000 000 000 000 000 004 020 100 000 000 000 000 000 000 000 000 000 004 020 100
root_1,10,10 16 9 9 9 001 002 040 00a 000 000 000 000 000 000 000 000 001 008 040 000 000 000 000 000 000 000 000 000 001 008 040 002 010 080 000 000 000 000 000 000 000 000 000 002 010 080 000 000 000 000 000 000 000 000 000 002 010 080 004 020 100 000 000 000 000 000 000 000 000 000 004 020 100 000 000 000 000 000 000 000 000 000 004 020 100
root_1,10,12 16 9 9 9 001 004 040 00c 000 000 000 000 000 000 000 000 001 008 040 000 000 000 000 000 000 000 000 000 001 008 040 002 010 080 000 000 000 000 000 000 000 000 000 002 010 080 000 000 000 000 000 000 000 000 000 002 010 080 004 020 100 000 000 000 000 000 000 000 000 000 004 020 100 000 000 000 000 000 000 000 000 000 004 020 100
root_1,10,13 16 9 9 9 001 005 040 00d 000 000 000 000 000 000 000 000 001 008 040 000 000 000 000 000 000 000 000 000 001 008 040 002 010 080 000 000 000 000 000 000 000 000 000 002 010 080 000 000 000 000 000 000 000 000 000 002 010 080 004 020 100 000 000 000 000 000 000 000 000 000 004 020 100 000 000 000 000 000 000 000 000 000 004 020 100
root_1,10,16 16 9 9 9 001 018 040 010 000 000 000 000 000 000 000 000 001 008 040 000 000 000 000 000 000 000 000 000 001 008 040 002 010 080 000 000 000 000 000 000 000 000 000 002 010 080 000 000 000 000 000 000 000 000 000 002 010 080 004 020 100 000 000 000 000 000 000 000 000 000 004 020 100 000 000 000 000 000 000 000 000 000 004 020 100
root_1,10,17 16 9 9 9 001 019 040 011 000 000 000 000 000 000 000 000 001 008 040 000 000 000 000 000 000 000 000 000 001 008 040 002 010 080 000 000 000 000 000 000 000 000 000 002 010 080 000 000 000 000 000 000 000 000 000 002 010 080 004 020 100 000 000 000 000 000 000 000 000 000 004 020 100 000 000 000 000 000 000 000 000 000 004 020 100
root_1,10,20 16 9 9 9 001 01c 040 014 000 000 000 000 000 000 000 000 001 008 040 000 000 000 000 000 000 000 000 000 001 008 040 002 010 080 000 000 000 000 000 000 000 000 000 002 010 080 000 000 000 000 000 000 000 000 000 002 010 080 004 020 100 000 000 000 000 000 000 000 000 000 004 020 100 000 000 000 000 000 000 000 000 000 004 020 100
root_1,10,22 16 9 9 9 001 01e 040 016 000 000 000 000 000 000 000 000 001 008 040 000 000 000 000 000 000 000 000 000 001 008 040 002 010 080 000 000 000 000 000 000 000 000 000 002 010 080 000 000 000 000 000 000 000 000 000 002 010 080 004 020 100 000 000 000 000 000 000 000 000 000 004 020 100 000 000 000 000 000 000 000 000 000 004 020 100
root_1,10,32 16 9 9 9 001 028 040 020 000 000 000 000 000 000 000 000 001 008 040 000 000 000 000 000 000 000 000 000 001 008 040 002 010 080 000 000 000 000 000 000 000 000 000 002 010 080 000 000 000 000 000 000 000 000 000 002 010 080 004 020 100 000 000 000 000 000 000 000 000 000 004 020 100 000 000 000 000 000 000 000 000 000 004 020 100
root_1,10,80 16 9 9 9 001 058 040 050 000 000 000 000 000 000 000 000 001 008 040 000 000 000 000 000 000 000 000 000 001 008 040 002 010 080 000 000 000 000 000 000 000 000 000 002 010 080 000 000 000 000 000 000 000 000 000 002 010 080 004 020 100 000 000 000 000 000 000 000 000 000 004 020 100 000 000 000 000 000 000 000 000 000 004 020 100
root_1,10,84 16 9 9 9 001 05c 040 054 000 000 000 000 000 000 000 000 001 008 040 000 000 000 000 000 000 000 000 000 001 008 040 002 010 080 000 000 000 000 000 000 000 000 000 002 010 080 000 000 000 000 000 000 000 000 000 002 010 080 004 020 100 000 000 000 000 000 000 000 000 000 004 020 100 000 000 000 000 000 000 000 000 000 004 020 100
root_1,10,85 16 9 9 9 001 05d 040 055 000 000 000 000 000 000 000 000 001 008 040 000 000 000 000 000 000 000 000 000 001 008 040 002 010 080 000 000 000 000 000 000 000 000 000 002 010 080 000 000 000 000 000 000 000 000 000 002 010 080 004 020 100 000 000 000 000 000 000 000 000 000 004 020 100 000 000 000 000 000 000 000 000 000 004 020 100
root_1,10,86 16 9 9 9 001 05e 040 056 000 000 000 000 000 000 000 000 001 008 040 000 000 000 000 000 000 000 000 000 001 008 040 002 010 080 000 000 000 000 000 000 000 000 000 002 010 080 000 000 000 000 000 000 000 000 000 002 010 080 004 020 100 000 000 000 000 000 000 000 000 000 004 020 100 000 000 000 000 000 000 000 000 000 004 020 100
root_1,10,96 16 9 9 9 001 068 040 060 000 000 000 000 000 000 000 000 001 008 040 000 000 000 000 000 000 000 000 000 001 008 040 002 010 080 000 000 000 000 000 000 000 000 000 002 010 080 000 000 000 000 000 000 000 000 000 002 010 080 004 020 100 000 000 000 000 000 000 000 000 000 004 020 100 000 000 000 000 000 000 000 000 000 004 020 100
root_1,10,160 16 9 9 9 001 0a8 040 0a0 000 000 000 000 000 000 000 000 001 008 040 000 000 000 000 000 000 000 000 000 001 008 040 002 010 080 000 000 000 000 000 000 000 000 000 002 010 080 000 000 000 000 000 000 000 000 000 002 010 080 004 020 100 000 000 000 000 000 000 000 000 000 004 020 100 000 000 000 000 000 000 000 000 000 004 020 100
root_1,80,1 16 9 9 9 001 008 040 000 001 000 001 000 000 000 000 000 001 008 040 000 000 000 000 000 000 000 000 000 001 008 040 002 010 080 000 000 000 000 000 000 000 000 000 002 010 080 000 000 000 000 000 000 000 000 000 002 010 080 004 020 100 000 000 000 000 000 000 000 000 000 004 020 100 000 000 000 000 000 000 000 000 000 004 020 100
root_1,80,4 16 9 9 9 001 008 040 000 004 000 004 000 000 000 000 000 001 008 040 000 000 000 000 000 000 000 000 000 001 008 040 002 010 080 000 000 000 000 000 000 000 000 000 002 010 080 000 000 000 000 000 000 000 000 000 002 010 080 004 020 100 000 000 000 000 000 000 000 000 000 004 020 100 000 000 000 000 000 000 000 000 000 004 020 100
root_1,80,8 16 9 9 9 001 008 040 000 008 000 008 000 000 000 000 000 001 008 040 000 000 000 000 000 000 000 000 000 001 008 040 002 010 080 000 000 000 000 000 000 000 000 000 002 010 080 000 000 000 000 000 000 000 000 000 002 010 080 004 020 100 000 000 000 000 000 000 000 000 000 004 020 100 000 000 000 000 000 000 000 000 000 004 020 100
root_1,80,10 16 9 9 9 001 008 040 000 00a 000 00a 000 000 000 000 000 001 008 040 000 000 000 000 000 000 000 000 000 001 008 040 002 010 080 000 000 000 000 000 000 000 000 000 002 010 080 000 000 000 000 000 000 000 000 000 002 010 080 004 020 100 000 000 000 000 000 000 000 000 000 004 020 100 000 000 000 000 000 000 000 000 000 004 020 100
root_1,80,12 16 9 9 9 001 008 040 000 00c 000 00c 000 000 000 000 000 001 008 040 000 000 000 000 000 000 000 000 000 001 008 040 002 010 080 000 000 000 000 000 000 000 000 000 002 010 080 000 000 000 000 000 000 000 000 000 002 010 080 004 020 100 000 000 000 000 000 000 000 000 000 004 020 100 000 000 000 000 000 000 000 000 000 004 020 100
root_1,80,13 16 9 9 9 001 008 040 000 00d 000 00d 000 000 000 000 000 001 008 040 000 000 000 000 000 000 000 000 000 001 008 040 002 010 080 000 000 000 000 000 000 000 000 000 002 010 080 000 000 000 000 000 000 000 000 000 002 010 080 004 020 100 000 000 000 000 000 000 000 000 000 004 020 100 000 000 000 000 000 000 000 000 000 004 020 100
root_1,80,32 16 9 9 9 001 008 040 000 020 000 020 000 000 000 000 000 001 008 040 000 000 000 000 000 000 000 000 000 001 008 040 002 010 080 000 000 000 000 000 000 000 000 000 002 010 080 000 000 000 000 000 000 000 000 000 002 010 080 004 020 100 000 000 000 000 000 000 000 000 000 004 020 100 000 000 000 000 000 000 000 000 000 004 020 100
root_1,80,80 16 9 9 9 001 008 040 000 050 000 050 000 000 000 000 000 001 008 040 000 000 000 000 000 000 000 000 000 001 008 040 002 010 080 000 000 000 000 000 000 000 000 000 002 010 080 000 000 000 000 000 000 000 000 000 002 010 080 004 020 100 000 000 000 000 000 000 000 000 000 004 020 100 000 000 000 000 000 000 000 000 000 004 020 100
root_1,80,84 16 9 9 9 001 008 040 000 054 000 054 000 000 000 000 000 001 008 040 000 000 000 000 000 000 000 000 000 001 008 040 002 010 080 000 000 000 000 000 000 000 000 000 002 010 080 000 000 000 000 000 000 000 000 000 002 010 080 004 020 100 000 000 000 000 000 000 000 000 000 004 020 100 000 000 000 000 000 000 000 000 000 004 020 100
root_1,80,85 16 9 9 9 001 008 040 000 055 000 055 000 000 000 000 000 001 008 040 000 000 000 000 000 000 000 000 000 001 008 040 002 010 080 000 000 000 000 000 000 000 000 000 002 010 080 000 000 000 000 000 000 000 000 000 002 010 080 004 020 100 000 000 000 000 000 000 000 000 000 004 020 100 000 000 000 000 000 000 000 000 000 004 020 100
root_1,80,96 16 9 9 9 001 008 040 000 060 000 060 000 000 000 000 000 001 008 040 000 000 000 000 000 000 000 000 000 001 008 040 002 010 080 000 000 000 000 000 000 000 000 000 002 010 080 000 000 000 000 000 000 000 000 000 002 010 080 004 020 100 000 000 000 000 000 000 000 000 000 004 020 100 000 000 000 000 000 000 000 000 000 004 020 100
root_1,84,1 16 9 9 9 001 008 041 000 001 000 001 000 000 000 000 000 001 008 040 000 000 000 000 000 000 000 000 000 001 008 040 002 010 080 000 000 000 000 000 000 000 000 000 002 010 080 000 000 000 000 000 000 000 000 000 002 010 080 004 020 100 000 000 000 000 000 000 000 000 000 004 020 100 000 000 000 000 000 000 000 000 000 004 020 100
root_1,84,4 16 9 9 9 001 008 044 000 004 000 004 000 000 000 000 000 001 008 040 000 000 000 000 000 000 000 000 000 001 008 040 002 010 080 000 000 000 000 000 000 000 000 000 002 010 080 000 000 000 000 000 000 000 000 000 002 010 080 004 020 100 000 000 000 000 000 000 000 000 000 004 020 100 000 000 000 000 000 000 000 000 000 004 020 100
root_1,84,8 16 9 9 9 001 008 048 000 008 000 008 000 000 000 000 000 001 008 040 000 000 000 000 000 000 000 000 000 001 008 040 002 010 080 000 000 000 000 000 000 000 000 000 002 010 080 000 000 000 000 000 000 000 000 000 002 010 080 004 020 100 000 000 000 000 000 000 000 000 000 004 020 100 000 000 000 000 000 000 000 000 000 004 020 100
root_1,84,10 16 9 9 9 001 008 04a 000 00a 000 00a 000 000 000 000 000 001 008 040 000 000 000 000 000 000 000 000 000 001 008 040 002 010 080 000 000 000 000 000 000 000 000 000 002 010 080 000 000 000 000 000 000 000 000 000 002 010 080 004 020 100 000 000 000 000 000 000 000 000 000 004 020 100 000 000 000 000 000 000 000 000 000 004 020 100
root_1,84,12 16 9 9 9 001 008 04c 000 00c 000 00c 000 000 000 000 000 001 008 040 000 000 000 000 000 000 000 000 000 001 008 040 002 010 080 000 000 000 000 000 000 000 000 000 002 010 080 000 000 000 000 000 000 000 000 000 002 010 080 004 020 100 000 000 000 000 000 000 000 000 000 004 020 100 000 000 000 000 000 000 000 000 000 004 020 100
root_1,84,32 16 9 9 9 001 008 060 000 020 000 020 000 000 000 000 000 001 008 040 000 000 000 000 000 000 000 000 000 001 008 040 002 010 080 000 000 000 000 000 000 000 000 000 002 010 080 000 000 000 000 000 000 000 000 000 002 010 080 004 020 100 000 000 000 000 000 000 000 000 000 004 020 100 000 000 000 000 000 000 000 000 000 004 020 100
root_1,84,33 16 9 9 9 001 008 061 000 021 000 021 000 000 000 000 000 001 008 040 000 000 000 000 000 000 000 000 000 001 008 040 002 010 080 000 000 000 000 000 000 000 000 000 002 010 080 000 000 000 000 000 000 000 000 000 002 010 080 004 020 100 000 000 000 000 000 000 000 000 000 004 020 100 000 000 000 000 000 000 000 000 000 004 020 100
root_1,84,80 16 9 9 9 001 008 010 000 050 000 050 000 000 000 000 000 001 008 040 000 000 000 000 000 000 000 000 000 001 008 040 002 010 080 000 000 000 000 000 000 000 000 000 002 010 080 000 000 000 000 000 000 000 000 000 002 010 080 004 020 100 000 000 000 000 000 000 000 000 000 004 020 100 000 000 000 000 000 000 000 000 000 004 020 100
root_1,84,84 16 9 9 9 001 008 014 000 054 000 054 000 000 000 000 000 001 008 040 000 000 000 000 000 000 000 000 000 001 008 040 002 010 080 000 000 000 000 000 000 000 000 000 002 010 080 000 000 000 000 000 000 000 000 000 002 010 080 004 020 100 000 000 000 000 000 000 000 000 000 004 020 100 000 000 000 000 000 000 000 000 000 004 020 100
root_1,84,96 16 9 9 9 001 008 020 000 060 000 060 000 000 000 000 000 001 008 040 000 000 000 000 000 000 000 000 000 001 008 040 002 010 080 000 000 000 000 000 000 000 000 000 002 010 080 000 000 000 000 000 000 000 000 000 002 010 080 004 020 100 000 000 000 000 000 000 000 000 000 004 020 100 000 000 000 000 000 000 000 000 000 004 020 100
root_1,84,98 16 9 9 9 001 008 022 000 062 000 062 000 000 000 000 000 001 008 040 000 000 000 000 000 000 000 000 000 001 008 040 002 010 080 000 000 000 000 000 000 000 000 000 002 010 080 000 000 000 000 000 000 000 000 000 002 010 080 004 020 100 000 000 000 000 000 000 000 000 000 004 020 100 000 000 000 000 000 000 000 000 000 004 020 100
root_10,1,1 16 9 9 9 001 008 040 000 000 000 000 000 000 001 000 000 001 008 040 000 000 000 000 000 000 000 000 000 001 008 040 003 010 080 000 000 000 000 000 000 000 000 000 002 010 080 000 000 000 000 000 000 000 000 000 002 010 080 004 020 100 000 000 000 000 000 000 000 000 000 004 020 100 000 000 000 000 000 000 000 000 000 004 020 100
root_10,1,2 16 9 9 9 001 008 040 000 000 000 000 000 000 002 000 000 001 008 040 000 000 000 000 000 000 000 000 000 001 008 040 000 010 080 000 000 000 000 000 000 000 000 000 002 010 080 000 000 000 000 000 000 000 000 000 002 010 080 004 020 100 000 000 000 000 000 000 000 000 000 004 020 100 000 000 000 000 000 000 000 000 000 004 020 100
root_10,1,8 16 9 9 9 001 008 040 000 000 000 000 000 000 008 000 000 001 008 040 000 000 000 000 000 000 000 000 000 001 008 040 00a 010 080 000 000 000 000 000 000 000 000 000 002 010 080 000 000 000 000 000 000 000 000 000 002 010 080 004 020 100 000 000 000 000 000 000 000 000 000 004 020 100 000 000 000 000 000 000 000 000 000 004 020 100
root_10,1,10 16 9 9 9 001 008 040 000 000 000 000 000 000 00a 000 000 001 008 040 000 000 000 000 000 000 000 000 000 001 008 040 008 010 080 000 000 000 000 000 000 000 000 000 002 010 080 000 000 000 000 000 000 000 000 000 002 010 080 004 020 100 000 000 000 000 000 000 000 000 000 004 020 100 000 000 000 000 000 000 000 000 000 004 020 100
root_10,1,16 16 9 9 9 001 008 040 000 000 000 000 000 000 010 000 000 001 008 040 000 000 000 000 000 000 000 000 000 001 008 040 012 010 080 000 000 000 000 000 000 000 000 000 002 010 080 000 000 000 000 000 000 000 000 000 002 010 080 004 020 100 000 000 000 000 000 000 000 000 000 004 020 100 000 000 000 000 000 000 000 000 000 004 020 100
root_10,1,17 16 9 9 9 001 008 040 000 000 000 000 000 000 011 000 000 001 008 040 000 000 000 000 000 000 000 000 000 001 008 040 013 010 080 000 000 000 000 000 000 000 000 000 002 010 080 000 000 000 000 000 000 000 000 000 002 010 080 004 020 100 000 000 000 000 000 000 000 000 000 004 020 100 000 000 000 000 000 000 000 000 000 004 020 100
root_10,1,20 16 9 9 9 001 008 040 000 000 000 000 000 000 014 000 000 001 008 040 000 000 000 000 000 000 000 000 000 001 008 040 016 010 080 000 000 000 000 000 000 000 000 000 002 010 080 000 000 000 000 000 000 000 000 000 002 010 080 004 020 100 000 000 000 000 000 000 000 000 000 004 020 100 000 000 000 000 000 000 000 000 000 004 020 100
root_10,1,64 16 9 9 9 001 008 040 000 000 000 000 000 000 040 000 000 001 008 040 000 000 000 000 000 000 000 000 000 001 008 040 042 010 080 000 000 000 000 000 000 000 000 000 002 010 080 000 000 000 000 000 000 000 000 000 002 010 080 004 020 100 000 000 000 000 000 000 000 000 000 004 020 100 000 000 000 000 000 000 000 000 000 004 020 100
root_10,1,66 16 9 9 9 001 008 040 000 000 000 000 000 000 042 000 000 001 008 040 000 000 000 000 000 000 000 000 000 001 008 040 040 010 080 000 000 000 000 000 000 000 000 000 002 010 080 000 000 000 000 000 000 000 000 000 002 010 080 004 020 100 000 000 000 000 000 000 000 000 000 004 020 100 000 000 000 000 000 000 000 000 000 004 020 100
root_10,1,67 16 9 9 9 001 008 040 000 000 000 000 000 000 043 000 000 001 008 040 000 000 000 000 000 000 000 000 000 001 008 040 041 010 080 000 000 000 000 000 000 000 000 000 002 010 080 000 000 000 000 000 000 000 000 000 002 010 080 004 020 100 000 000 000 000 000 000 000 000 000 004 020 100 000 000 000 000 000 000 000 000 000 004 020 100
root_10,1,80 16 9 9 9 001 008 040 000 000 000 000 000 000 050 000 000 001 008 040 000 000 000 000 000 000 000 000 000 001 008 040 052 010 080 000 000 000 000 000 000 000 000 000 002 010 080 000 000 000 000 000 000 000 000 000 002 010 080 004 020 100 000 000 000 000 000 000 000 000 000 004 020 100 000 000 000 000 000 000 000 000 000 004 020 100
root_10,1,84 16 9 9 9 001 008 040 000 000 000 000 000 000 054 000 000 001 008 040 000 000 000 000 000 000 000 000 000 001 008 040 056 010 080 000 000 000 000 000 000 000 000 000 002 010 080 000 000 000 000 000 000 000 000 000 002 010 080 004 020 100 000 000 000 000 000 000 000 000 000 004 020 100 000 000 000 000 000 000 000 000 000 004 020 100
root_10,1,85 16 9 9 9 001 008 040 000 000 000 000 000 000 055 000 000 001 008 040 000 000 000 000 000 000 000 000 000 001 008 040 057 010 080 000 000 000 000 000 000 000 000 000 002 010 080 000 000 000 000 000 000 000 000 000 002 010 080 004 020 100 000 000 000 000 000 000 000 000 000 004 020 100 000 000 000 000 000 000 000 000 000 004 020 100
root_10,1,88 16 9 9 9 001 008 040 000 000 000 000 000 000 058 000 000 001 008 040 000 000 000 000 000 000 000 000 000 001 008 040 05a 010 080 000 000 000 000 000 000 000 000 000 002 010 080 000 000 000 000 000 000 000 000 000 002 010 080 004 020 100 000 000 000 000 000 000 000 000 000 004 020 100 000 000 000 000 000 000 000 000 000 004 020 100
root_10,1,92 16 9 9 9 001 008 040 000 000 000 000 000 000 05c 000 000 001 008 040 000 000 000 000 000 000 000 000 000 001 008 040 05e 010 080 000 000 000 000 000 000 000 000 000 002 010 080 000 000 000 000 000 000 000 000 000 002 010 080 004 020 100 000 000 000 000 000 000 000 000 000 004 020 100 000 000 000 000 000 000 000 000 000 004 020 100
root_10,1,128 16 9 9 9 001 008 040 000 000 000 000 000 000 080 000 000 001 008 040 000 000 000 000 000 000 000 000 000 001 008 040 082 010 080 000 000 000 000 000 000 000 000 000 002 010 080 000 000 000 000 000 000 000 000 000 002 010 080 004 020 100 000 000 000 000 000 000 000 000 000 004 020 100 000 000 000 000 000 000 000 000 000 004 020 100
root_10,1,132 16 9 9 9 001 008 040 000 000 000 000 000 000 084 000 000 001 008 040 000 000 000 000 000 000 000 000 000 001 008 040 086 010 080 000 000 000 000 000 000 000 000 000 002 010 080 000 000 000 000 000 000 000 000 000 002 010 080 004 020 100 000 000 000 000 000 000 000 000 000 004 020 100 000 000 000 000 000 000 000 000 000 004 020 100
root_10,1,160 16 9 9 9 001 008 040 000 000 000 000 000 000 0a0 000 000 001 008 040 000 000 000 000 000 000 000 000 000 001 008 040 0a2 010 080 000 000 000 000 000 000 000 000 000 002 010 080 000 000 000 000 000 000 000 000 000 002 010 080 004 020 100 000 000 000 000 000 000 000 000 000 004 020 100 000 000 000 000 000 000 000 000 000 004 020 100
root_10,10,1 16 9 9 9 001 008 040 000 000 000 000 000 000 000 001 000 000 008 040 000 000 000 000 000 000 000 000 000 001 008 040 002 011 080 001 000 000 000 000 000 000 000 000 002 010 080 000 000 000 000 000 000 000 000 000 002 010 080 004 020 100 000 000 000 000 000 000 000 000 000 004 020 100 000 000 000 000 000 000 000 000 000 004 020 100
root_10,10,2 16 9 9 9 001 008 040 000 000 000 000 000 000 000 002 000 003 008 040 000 000 000 000 000 000 000 000 000 001 008 040 002 012 080 002 000 000 000 000 000 000 000 000 002 010 080 000 000 000 000 000 000 000 000 000 002 010 080 004 020 100 000 000 000 000 000 000 000 000 000 004 020 100 000 000 000 000 000 000 000 000 000 004 020 100
root_10,10,4 16 9 9 9 001 008 040 000 000 000 000 000 000 000 004 000 005 008 040 000 000 000 000 000 000 000 000 000 001 008 040 002 014 080 004 000 000 000 000 000 000 000 000 002 010 080 000 000 000 000 000 000 000 000 000 002 010 080 004 020 100 000 000 000 000 000 000 000 000 000 004 020 100 000 000 000 000 000 000 000 000 000 004 020 100
root_10,10,10 16 9 9 9 001 008 040 000 000 000 000 000 000 000 00a 000 00b 008 040 000 000 000 000 000 000 000 000 000 001 008 040 002 01a 080 00a 000 000 000 000 000 000 000 000 002 010 080 000 000 000 000 000 000 000 000 000 002 010 080 004 020 100 000 000 000 000 000 000 000 000 000 004 020 100 000 000 000 000 000 000 000 000 000 004 020 100
root_10,10,11 16 9 9 9 001 008 040 000 000 000 000 000 000 000 00b 000 00a 008 040 000 000 000 000 000 000 000 000 000 001 008 040 002 01b 080 00b 000 000 000 000 000 000 000 000 002 010 080 000 000 000 000 000 000 000 000 000 002 010 080 004 020 100 000 000 000 000 000 000 000 000 000 004 020 100 000 000 000 000 000 000 000 000 000 004 020 100
root_10,10,12 16 9 9 9 001 008 040 000 000 000 000 000 000 000 00c 000 00d 008 040 000 000 000 000 000 000 000 000 000 001 008 040 002 01c 080 00c 000 000 000 000 000 000 000 000 002 010 080 000 000 000 000 000 000 000 000 000 002 010 080 004 020 100 000 000 000 000 000 000 000 000 000 004 020 100 000 000 000 000 000 000 000 000 000 004 020 100
root_10,10,13 16 9 9 9 001 008 040 000 000 000 000 000 000 000 00d 000 00c 008 040 000 000 000 000 000 000 000 000 000 001 008 040 002 01d 080 00d 000 000 000 000 000 000 000 000 002 010 080 000 000 000 000 000 000 000 000 000 002 010 080 004 020 100 000 000 000 000 000 000 000 000 000 004 020 100 000 000 000 000 000 000 000 000 000 004 020 100
root_10,10,17 16 9 9 9 001 008 040 000 000 000 000 000 000 000 011 000 010 008 040 000 000 000 000 000 000 000 000 000 001 008 040 002 001 080 011 000 000 000 000 000 000 000 000 002 010 080 000 000 000 000 000 000 000 000 000 002 010 080 004 020 100 000 000 000 000 000 000 000 000 000 004 020 100 000 000 000 000 000 000 000 000 000 004 020 100
root_10,10,64 16 9 9 9 001 008 040 000 000 000 000 000 000 000 040 000 041 008 040 000 000 000 000 000 000 000 000 000 001 008 040 002 050 080 040 000 000 000 000 000 000 000 000 002 010 080 000 000 000 000 000 000 000 000 000 002 010 080 004 020 100 000 000 000 000 000 000 000 000 000 004 020 100 000 000 000 000 000 000 000 000 000 004 020 100
root_10,10,66 16 9 9 9 001 008 040 000 000 000 000 000 000 000 042 000 043 008 040 000 000 000 000 000 000 000 000 000 001 008 040 002 052 080 042 000 000 000 000 000 000 000 000 002 010 080 000 000 000 000 000 000 000 000 000 002 010 080 004 020 100 000 000 000 000 000 000 000 000 000 004 020 100 000 000 000 000 000 000 000 000 000 004 020 100
root_10,10,67 16 9 9 9 001 008 040 000 000 000 000 000 000 000 043 000 042 008 040 000 000 000 000 000 000 000 000 000 001 008 040 002 053 080 043 000 000 000 000 000 000 000 000 002 010 080 000 000 000 000 000 000 000 000 000 002 010 080 004 020 100 000 000 000 000 000 000 000 000 000 004 020 100 000 000 000 000 000 000 000 000 000 004 020 100
root_10,10,68 16 9 9 9 001 008 040 000 000 000 000 000 000 000 044 000 045 008 040 000 000 000 000 000 000 000 000 000 001 008 040 002 054 080 044 000 000 000 000 000 000 000 000 002 010 080 000 000 000 000 000 000 000 000 000 002 010 080 004 020 100 000 000 000 000 000 000 000 000 000 004 020 100 000 000 000 000 000 000 000 000 000 004 020 100
root_10,10,69 16 9 9 9 001 008 040 000 000 000 000 000 000 000 045 000 044 008 040 000 000 000 000 000 000 000 000 000 001 008 040 002 055 080 045 000 000 000 000 000 000 000 000 002 010 080 000 000 000 000 000 000 000 000 000 002 010 080 004 020 100 000 000 000 000 000 000 000 000 000 004 020 100 000 000 000 000 000 000 000 000 000 004 020 100
root_10,10,84 16 9 9 9 001 008 040 000 000 000 000 000 000 000 054 000 055 008 040 000 000 000 000 000 000 000 000 000 001 008 040 002 044 080 054 000 000 000 000 000 000 000 000 002 010 080 000 000 000 000 000 000 000 000 000 002 010 080 004 020 100 000 000 000 000 000 000 000 000 000 004 020 100 000 000 000 000 000 000 000 000 000 004 020 100
root_10,10,85 16 9 9 9 001 008 040 000 000 000 000 000 000 000 055 000 054 008 040 000 000 000 000 000 000 000 000 000 001 008 040 002 045 080 055 000 000 000 000 000 000 000 000 002 010 080 000 000 000 000 000 000 000 000 000 002 010 080 004 020 100 000 000 000 000 000 000 000 000 000 004 020 100 000 000 000 000 000 000 000 000 000 004 020 100
root_10,10,87 16 9 9 9 001 008 040 000 000 000 000 000 000 000 057 000 056 008 040 000 000 000 000 000 000 000 000 000 001 008 040 002 047 080 057 000 000 000 000 000 000 000 000 002 010 080 000 000 000 000 000 000 000 000 000 002 010 080 004 020 100 000 000 000 000 000 000 000 000 000 004 020 100 000 000 000 000 000 000 000 000 000 004 020 100
root_10,10,94 16 9 9 9 001 008 040 000 000 000 000 000 000 000 05e 000 05f 008 040 000 000 000 000 000 000 000 000 000 001 008 040 002 04e 080 05e 000 000 000 000 000 000 000 000 002 010 080 000 000 000 000 000 000 000 000 000 002 010 080 004 020 100 000 000 000 000 000 000 000 000 000 004 020 100 000 000 000 000 000 000 000 000 000 004 020 100
root_10,10,95 16 9 9 9 001 008 040 000 000 000 000 000 000 000 05f 000 05e 008 040 000 000 000 000 000 000 000 000 000 001 008 040 002 04f 080 05f 000 000 000 000 000 000 000 000 002 010 080 000 000 000 000 000 000 000 000 000 002 010 080 004 020 100 000 000 000 000 000 000 000 000 000 004 020 100 000 000 000 000 000 000 000 000 000 004 020 100
root_10,10,96 16 9 9 9 001 008 040 000 000 000 000 000 000 000 060 000 061 008 040 000 000 000 000 000 000 000 000 000 001 008 040 002 070 080 060 000 000 000 000 000 000 000 000 002 010 080 000 000 000 000 000 000 000 000 000 002 010 080 004 020 100 000 000 000 000 000 000 000 000 000 004 020 100 000 000 000 000 000 000 000 000 000 004 020 100
root_10,10,104 16 9 9 9 001 008 040 000 000 000 000 000 000 000 068 000 069 008 040 000 000 000 000 000 000 000 000 000 001 008 040 002 078 080 068 000 000 000 000 000 000 000 000 002 010 080 000 000 000 000 000 000 000 000 000 002 010 080 004 020 100 000 000 000 000 000 000 000 000 000 004 020 100 000 000 000 000 000 000 000 000 000 004 020 100
root_10,10,256 16 9 9 9 001 008 040 000 000 000 000 000 000 000 100 000 101 008 040 000 000 000 000 000 000 000 000 000 001 008 040 002 110 080 100 000 000 000 000 000 000 000 000 002 010 080 000 000 000 000 000 000 000 000 000 002 010 080 004 020 100 000 000 000 000 000 000 000 000 000 004 020 100 000 000 000 000 000 000 000 000 000 004 020 100
root_10,64,1 16 9 9 9 001 008 040 000 000 000 000 000 000 000 000 000 001 008 040 001 000 000 000 000 000 000 000 000 001 008 040 002 010 080 000 000 000 001 000 000 000 000 000 002 010 080 000 000 000 000 000 000 000 000 000 002 010 080 004 020 100 000 000 000 000 000 000 000 000 000 004 020 100 000 000 000 000 000 000 000 000 000 004 020 100
root_10,64,2 16 9 9 9 001 008 040 000 000 000 000 000 000 000 000 000 001 008 040 002 000 000 000 000 000 000 000 000 001 008 040 002 010 080 000 000 000 002 000 000 000 000 000 002 010 080 000 000 000 000 000 000 000 000 000 002 010 080 004 020 100 000 000 000 000 000 000 000 000 000 004 020 100 000 000 000 000 000 000 000 000 000 004 020 100
root_10,64,10 16 9 9 9 001 008 040 000 000 000 000 000 000 000 000 000 001 008 040 00a 000 000 000 000 000 000 000 000 001 008 040 002 010 080 000 000 000 00a 000 000 000 000 000 002 010 080 000 000 000 000 000 000 000 000 000 002 010 080 004 020 100 000 000 000 000 000 000 000 000 000 004 020 100 000 000 000 000 000 000 000 000 000 004 020 100
root_10,64,20 16 9 9 9 001 008 040 000 000 000 000 000 000 000 000 000 001 008 040 014 000 000 000 000 000 000 000 000 001 008 040 002 010 080 000 000 000 014 000 000 000 000 000 002 010 080 000 000 000 000 000 000 000 000 000 002 010 080 004 020 100 000 000 000 000 000 000 000 000 000 004 020 100 000 000 000 000 000 000 000 000 000 004 020 100
root_10,64,64 16 9 9 9 001 008 040 000 000 000 000 000 000 000 000 000 001 008 040 040 000 000 000 000 000 000 000 000 001 008 040 002 010 080 000 000 000 040 000 000 000 000 000 002 010 080 000 000 000 000 000 000 000 000 000 002 010 080 004 020 100 000 000 000 000 000 000 000 000 000 004 020 100 000 000 000 000 000 000 000 000 000 004 020 100
root_10,64,66 16 9 9 9 001 008 040 000 000 000 000 000 000 000 000 000 001 008 040 042 000 000 000 000 000 000 000 000 001 008 040 002 010 080 000 000 000 042 000 000 000 000 000 002 010 080 000 000 000 000 000 000 000 000 000 002 010 080 004 020 100 000 000 000 000 000 000 000 000 000 004 020 100 000 000 000 000 000 000 000 000 000 004 020 100
root_10,64,67 16 9 9 9 001 008 040 000 000 000 000 000 000 000 000 000 001 008 040 043 000 000 000 000 000 000 000 000 001 008 040 002 010 080 000 000 000 043 000 000 000 000 000 002 010 080 000 000 000 000 000 000 000 000 000 002 010 080 004 020 100 000 000 000 000 000 000 000 000 000 004 020 100 000 000 000 000 000 000 000 000 000 004 020 100
root_10,64,84 16 9 9 9 001 008 040 000 000 000 000 000 000 000 000 000 001 008 040 054 000 000 000 000 000 000 000 000 001 008 040 002 010 080 000 000 000 054 000 000 000 000 000 002 010 080 000 000 000 000 000 000 000 000 000 002 010 080 004 020 100 000 000 000 000 000 000 000 000 000 004 020 100 000 000 000 000 000 000 000 000 000 004 020 100
root_10,64,85 16 9 9 9 001 008 040 000 000 000 000 000 000 000 000 000 001 008 040 055 000 000 000 000 000 000 000 000 001 008 040 002 010 080 000 000 000 055 000 000 000 000 000 002 010 080 000 000 000 000 000 000 000 000 000 002 010 080 004 020 100 000 000 000 000 000 000 000 000 000 004 020 100 000 000 000 000 000 000 000 000 000 004 020 100
root_10,64,128 16 9 9 9 001 008 040 000 000 000 000 000 000 000 000 000 001 008 040 080 000 000 000 000 000 000 000 000 001 008 040 002 010 080 000 000 000 080 000 000 000 000 000 002 010 080 000 000 000 000 000 000 000 000 000 002 010 080 004 020 100 000 000 000 000 000 000 000 000 000 004 020 100 000 000 000 000 000 000 000 000 000 004 020 100
root_10,64,132 16 9 9 9 001 008 040 000 000 000 000 000 000 000 000 000 001 008 040 084 000 000 000 000 000 000 000 000 001 008 040 002 010 080 000 000 000 084 000 000 000 000 000 002 010 080 000 000 000 000 000 000 000 000 000 002 010 080 004 020 100 000 000 000 000 000 000 000 000 000 004 020 100 000 000 000 000 000 000 000 000 000 004 020 100
root_10,66,1 16 9 9 9 001 008 040 000 000 000 000 000 000 000 001 000 001 008 040 001 000 000 000 000 000 000 000 000 001 008 040 002 011 080 000 000 000 001 000 000 000 000 000 002 010 080 000 000 000 000 000 000 000 000 000 002 010 080 004 020 100 000 000 000 000 000 000 000 000 000 004 020 100 000 000 000 000 000 000 000 000 000 004 020 100
root_10,66,2 16 9 9 9 001 008 040 000 000 000 000 000 000 000 002 000 001 008 040 002 000 000 000 000 000 000 000 000 001 008 040 002 012 080 000 000 000 002 000 000 000 000 000 002 010 080 000 000 000 000 000 000 000 000 000 002 010 080 004 020 100 000 000 000 000 000 000 000 000 000 004 020 100 000 000 000 000 000 000 000 000 000 004 020 100
root_10,66,4 16 9 9 9 001 008 040 000 000 000 000 000 000 000 004 000 001 008 040 004 000 000 000 000 000 000 000 000 001 008 040 002 014 080 000 000 000 004 000 000 000 000 000 002 010 080 000 000 000 000 000 000 000 000 000 002 010 080 004 020 100 000 000 000 000 000 000 000 000 000 004 020 100 000 000 000 000 000 000 000 000 000 004 020 100
root_10,66,8 16 9 9 9 001 008 040 000 000 000 000 000 000 000 008 000 001 008 040 008 000 000 000 000 000 000 000 000 001 008 040 002 018 080 000 000 000 008 000 000 000 000 000 002 010 080 000 000 000 000 000 000 000 000 000 002 010 080 004 020 100 000 000 000 000 000 000 000 000 000 004 020 100 000 000 000 000 000 000 000 000 000 004 020 100
root_10,66,10 16 9 9 9 001 008 040 000 000 000 000 000 000 000 00a 000 001 008 040 00a 000 000 000 000 000 000 000 000 001 008 040 002 01a 080 000 000 000 00a 000 000 000 000 000 002 010 080 000 000 000 000 000 000 000 000 000 002 010 080 004 020 100 000 000 000 000 000 000 000 000 000 004 020 100 000 000 000 000 000 000 000 000 000 004 020 100
root_10,66,12 16 9 9 9 001 008 040 000 000 000 000 000 000 000 00c 000 001 008 040 00c 000 000 000 000 000 000 000 000 001 008 040 002 01c 080 000 000 000 00c 000 000 000 000 000 002 010 080 000 000 000 000 000 000 000 000 000 002 010 080 004 020 100 000 000 000 000 000 000 000 000 000 004 020 100 000 000 000 000 000 000 000 000 000 004 020 100
root_10,66,16 16 9 9 9 001 008 040 000 000 000 000 000 000 000 010 000 001 008 040 010 000 000 000 000 000 000 000 000 001 008 040 002 000 080 000 000 000 010 000 000 000 000 000 002 010 080 000 000 000 000 000 000 000 000 000 002 010 080 004 020 100 000 000 000 000 000 000 000 000 000 004 020 100 000 000 000 000 000 000 000 000 000 004 020 100
root_10,66,17 16 9 9 9 001 008 040 000 000 000 000 000 000 000 011 000 001 008 040 011 000 000 000 000 000 000 000 000 001 008 040 002 001 080 000 000 000 011 000 000 000 000 000 002 010 080 000 000 000 000 000 000 000 000 000 002 010 080 004 020 100 000 000 000 000 000 000 000 000 000 004 020 100 000 000 000 000 000 000 000 000 000 004 020 100
root_10,66,20 16 9 9 9 001 008 040 000 000 000 000 000 000 000 014 000 001 008 040 014 000 000 000 000 000 000 000 000 001 008 040 002 004 080 000 000 000 014 000 000 000 000 000 002 010 080 000 000 000 000 000 000 000 000 000 002 010 080 004 020 100 000 000 000 000 000 000 000 000 000 004 020 100 000 000 000 000 000 000 000 000 000 004 020 100
root_10,66,32 16 9 9 9 001 008 040 000 000 000 000 000 000 000 020 000 001 008 040 020 000 000 000 000 000 000 000 000 001 008 040 002 030 080 000 000 000 020 000 000 000 000 000 002 010 080 000 000 000 000 000 000 000 000 000 002 010 080 004 020 100 000 000 000 000 000 000 000 000 000 004 020 100 000 000 000 000 000 000 000 000 000 004 020 100
root_10,66,33 16 9 9 9 001 008 040 000 000 000 000 000 000 000 021 000 001 008 040 021 000 000 000 000 000 000 000 000 001 008 040 002 031 080 000 000 000 021 000 000 000 000 000 002 010 080 000 000 000 000 000 000 000 000 000 002 010 080 004 020 100 000 000 000 000 000 000 000 000 000 004 020 100 000 000 000 000 000 000 000 000 000 004 020 100
root_10,66,34 16 9 9 9 001 008 040 000 000 000 000 000 000 000 022 000 001 008 040 022 000 000 000 000 000 000 000 000 001 008 040 002 032 080 000 000 000 022 000 000 000 000 000 002 010 080 000 000 000 000 000 000 000 000 000 002 010 080 004 020 100 000 000 000 000 000 000 000 000 000 004 020 100 000 000 000 000 000 000 000 000 000 004 020 100
root_10,66,64 16 9 9 9 001 008 040 000 000 000 000 000 000 000 040 000 001 008 040 040 000 000 000 000 000 000 000 000 001 008 040 002 050 080 000 000 000 040 000 000 000 000 000 002 010 080 000 000 000 000 000 000 000 000 000 002 010 080 004 020 100 000 000 000 000 000 000 000 000 000 004 020 100 000 000 000 000 000 000 000 000 000 004 020 100
root_10,66,66 16 9 9 9 001 008 040 000 000 000 000 000 000 000 042 000 001 008 040 042 000 000 000 000 000 000 000 000 001 008 040 002 052 080 000 000 000 042 000 000 000 000 000 002 010 080 000 000 000 000 000 000 000 000 000 002 010 080 004 020 100 000 000 000 000 000 000 000 000 000 004 020 100 000 000 000 000 000 000 000 000 000 004 020 100
root_10,66,68 16 9 9 9 001 008 040 000 000 000 000 000 000 000 044 000 001 008 040 044 000 000 000 000 000 000 000 000 001 008 040 002 054 080 000 000 000 044 000 000 000 000 000 002 010 080 000 000 000 000 000 000 000 000 000 002 010 080 004 020 100 000 000 000 000 000 000 000 000 000 004 020 100 000 000 000 000 000 000 000 000 000 004 020 100
root_10,66,69 16 9 9 9 001 008 040 000 000 000 000 000 000 000 045 000 001 008 040 045 000 000 000 000 000 000 000 000 001 008 040 002 055 080 000 000 000 045 000 000 000 000 000 002 010 080 000 000 000 000 000 000 000 000 000 002 010 080 004 020 100 000 000 000 000 000 000 000 000 000 004 020 100 000 000 000 000 000 000 000 000 000 004 020 100
root_10,66,80 16 9 9 9 001 008 040 000 000 000 000 000 000 000 050 000 001 008 040 050 000 000 000 000 000 000 000 000 001 008 040 002 040 080 000 000 000 050 000 000 000 000 000 002 010 080 000 000 000 000 000 000 000 000 000 002 010 080 004 020 100 000 000 000 000 000 000 000 000 000 004 020 100 000 000 000 000 000 000 000 000 000 004 020 100
root_10,66,84 16 9 9 9 001 008 040 000 000 000 000 000 000 000 054 000 001 008 040 054 000 000 000 000 000 000 000 000 001 008 040 002 044 080 000 000 000 054 000 000 000 000 000 002 010 080 000 000 000 000 000 000 000 000 000 002 010 080 004 020 100 000 000 000 000 000 000 000 000 000 004 020 100 000 000 000 000 000 000 000 000 000 004 020 100
root_10,66,85 16 9 9 9 001 008 040 000 000 000 000 000 000 000 055 000 001 008 040 055 000 000 000 000 000 000 000 000 001 008 040 002 045 080 000 000 000 055 000 000 000 000 000 002 010 080 000 000 000 000 000 000 000 000 000 002 010 080 004 020 100 000 000 000 000 000 000 000 000 000 004 020 100 000 000 000 000 000 000 000 000 000 004 020 100
root_10,66,96 16 9 9 9 001 008 040 000 000 000 000 000 000 000 060 000 001 008 040 060 000 000 000 000 000 000 000 000 001 008 040 002 070 080 000 000 000 060 000 000 000 000 000 002 010 080 000 000 000 000 000 000 000 000 000 002 010 080 004 020 100 000 000 000 000 000 000 000 000 000 004 020 100 000 000 000 000 000 000 000 000 000 004 020 100
root_10,66,98 16 9 9 9 001 008 040 000 000 000 000 000 000 000 062 000 001 008 040 062 000 000 000 000 000 000 000 000 001 008 040 002 072 080 000 000 000 062 000 000 000 000 000 002 010 080 000 000 000 000 000 000 000 000 000 002 010 080 004 020 100 000 000 000 000 000 000 000 000 000 004 020 100 000 000 000 000 000 000 000 000 000 004 020 100
root_10,66,104 16 9 9 9 001 008 040 000 000 000 000 000 000 000 068 000 001 008 040 068 000 000 000 000 000 000 000 000 001 008 040 002 078 080 000 000 000 068 000 000 000 000 000 002 010 080 000 000 000 000 000 000 000 000 000 002 010 080 004 020 100 000 000 000 000 000 000 000 000 000 004 020 100 000 000 000 000 000 000 000 000 000 004 020 100
root_10,66,106 16 9 9 9 001 008 040 000 000 000 000 000 000 000 06a 000 001 008 040 06a 000 000 000 000 000 000 000 000 001 008 040 002 07a 080 000 000 000 06a 000 000 000 000 000 002 010 080 000 000 000 000 000 000 000 000 000 002 010 080 004 020 100 000 000 000 000 000 000 000 000 000 004 020 100 000 000 000 000 000 000 000 000 000 004 020 100
root_10,66,128 16 9 9 9 001 008 040 000 000 000 000 000 000 000 080 000 001 008 040 080 000 000 000 000 000 000 000 000 001 008 040 002 090 080 000 000 000 080 000 000 000 000 000 002 010 080 000 000 000 000 000 000 000 000 000 002 010 080 004 020 100 000 000 000 000 000 000 000 000 000 004 020 100 000 000 000 000 000 000 000 000 000 004 020 100
root_10,66,129 16 9 9 9 001 008 040 000 000 000 000 000 000 000 081 000 001 008 040 081 000 000 000 000 000 000 000 000 001 008 040 002 091 080 000 000 000 081 000 000 000 000 000 002 010 080 000 000 000 000 000 000 000 000 000 002 010 080 004 020 100 000 000 000 000 000 000 000 000 000 004 020 100 000 000 000 000 000 000 000 000 000 004 020 100
root_10,66,132 16 9 9 9 001 008 040 000 000 000 000 000 000 000 084 000 001 008 040 084 000 000 000 000 000 000 000 000 001 008 040 002 094 080 000 000 000 084 000 000 000 000 000 002 010 080 000 000 000 000 000 000 000 000 000 002 010 080 004 020 100 000 000 000 000 000 000 000 000 000 004 020 100 000 000 000 000 000 000 000 000 000 004 020 100
root_10,66,134 16 9 9 9 001 008 040 000 000 000 000 000 000 000 086 000 001 008 040 086 000 000 000 000 000 000 000 000 001 008 040 002 096 080 000 000 000 086 000 000 000 000 000 002 010 080 000 000 000 000 000 000 000 000 000 002 010 080 004 020 100 000 000 000 000 000 000 000 000 000 004 020 100 000 000 000 000 000 000 000 000 000 004 020 100
root_10,66,136 16 9 9 9 001 008 040 000 000 000 000 000 000 000 088 000 001 008 040 088 000 000 000 000 000 000 000 000 001 008 040 002 098 080 000 000 000 088 000 000 000 000 000 002 010 080 000 000 000 000 000 000 000 000 000 002 010 080 004 020 100 000 000 000 000 000 000 000 000 000 004 020 100 000 000 000 000 000 000 000 000 000 004 020 100
root_10,66,140 16 9 9 9 001 008 040 000 000 000 000 000 000 000 08c 000 001 008 040 08c 000 000 000 000 000 000 000 000 001 008 040 002 09c 080 000 000 000 08c 000 000 000 000 000 002 010 080 000 000 000 000 000 000 000 000 000 002 010 080 004 020 100 000 000 000 000 000 000 000 000 000 004 020 100 000 000 000 000 000 000 000 000 000 004 020 100
root_10,66,160 16 9 9 9 001 008 040 000 000 000 000 000 000 000 0a0 000 001 008 040 0a0 000 000 000 000 000 000 000 000 001 008 040 002 0b0 080 000 000 000 0a0 000 000 000 000 000 002 010 080 000 000 000 000 000 000 000 000 000 002 010 080 004 020 100 000 000 000 000 000 000 000 000 000 004 020 100 000 000 000 000 000 000 000 000 000 004 020 100
root_10,66,161 16 9 9 9 001 008 040 000 000 000 000 000 000 000 0a1 000 001 008 040 0a1 000 000 000 000 000 000 000 000 001 008 040 002 0b1 080 000 000 000 0a1 000 000 000 000 000 002 010 080 000 000 000 000 000 000 000 000 000 002 010 080 004 020 100 000 000 000 000 000 000 000 000 000 004 020 100 000 000 000 000 000 000 000 000 000 004 020 100
root_10,66,176 16 9 9 9 001 008 040 000 000 000 000 000 000 000 0b0 000 001 008 040 0b0 000 000 000 000 000 000 000 000 001 008 040 002 0a0 080 000 000 000 0b0 000 000 000 000 000 002 010 080 000 000 000 000 000 000 000 000 000 002 010 080 004 020 100 000 000 000 000 000 000 000 000 000 004 020 100 000 000 000 000 000 000 000 000 000 004 020 100
root_10,66,256 16 9 9 9 001 008 040 000 000 000 000 000 000 000 100 000 001 008 040 100 000 000 000 000 000 000 000 000 001 008 040 002 110 080 000 000 000 100 000 000 000 000 000 002 010 080 000 000 000 000 000 000 000 000 000 002 010 080 004 020 100 000 000 000 000 000 000 000 000 000 004 020 100 000 000 000 000 000 000 000 000 000 004 020 100
root_10,84,1 16 9 9 9 001 008 040 000 000 000 000 000 000 000 000 001 001 009 040 001 000 000 000 000 000 000 000 000 001 008 040 002 010 081 000 001 000 001 000 000 000 000 000 002 010 080 000 000 000 000 000 000 000 000 000 002 010 080 004 020 100 000 000 000 000 000 000 000 000 000 004 020 100 000 000 000 000 000 000 000 000 000 004 020 100
root_10,84,2 16 9 9 9 001 008 040 000 000 000 000 000 000 000 000 002 001 00a 040 002 000 000 000 000 000 000 000 000 001 008 040 002 010 082 000 002 000 002 000 000 000 000 000 002 010 080 000 000 000 000 000 000 000 000 000 002 010 080 004 020 100 000 000 000 000 000 000 000 000 000 004 020 100 000 000 000 000 000 000 000 000 000 004 020 100
root_10,84,4 16 9 9 9 001 008 040 000 000 000 000 000 000 000 000 004 001 00c 040 004 000 000 000 000 000 000 000 000 001 008 040 002 010 084 000 004 000 004 000 000 000 000 000 002 010 080 000 000 000 000 000 000 000 000 000 002 010 080 004 020 100 000 000 000 000 000 000 000 000 000 004 020 100 000 000 000 000 000 000 000 000 000 004 020 100
root_10,84,10 16 9 9 9 001 008 040 000 000 000 000 000 000 000 000 00a 001 002 040 00a 000 000 000 000 000 000 000 000 001 008 040 002 010 08a 000 00a 000 00a 000 000 000 000 000 002 010 080 000 000 000 000 000 000 000 000 000 002 010 080 004 020 100 000 000 000 000 000 000 000 000 000 004 020 100 000 000 000 000 000 000 000 000 000 004 020 100
root_10,84,12 16 9 9 9 001 008 040 000 000 000 000 000 000 000 000 00c 001 004 040 00c 000 000 000 000 000 000 000 000 001 008 040 002 010 08c 000 00c 000 00c 000 000 000 000 000 002 010 080 000 000 000 000 000 000 000 000 000 002 010 080 004 020 100 000 000 000 000 000 000 000 000 000 004 020 100 000 000 000 000 000 000 000 000 000 004 020 100
root_10,84,20 16 9 9 9 001 008 040 000 000 000 000 000 000 000 000 014 001 01c 040 014 000 000 000 000 000 000 000 000 001 008 040 002 010 094 000 014 000 014 000 000 000 000 000 002 010 080 000 000 000 000 000 000 000 000 000 002 010 080 004 020 100 000 000 000 000 000 000 000 000 000 004 020 100 000 000 000 000 000 000 000 000 000 004 020 100
root_10,84,22 16 9 9 9 001 008 040 000 000 000 000 000 000 000 000 016 001 01e 040 016 000 000 000 000 000 000 000 000 001 008 040 002 010 096 000 016 000 016 000 000 000 000 000 002 010 080 000 000 000 000 000 000 000 000 000 002 010 080 004 020 100 000 000 000 000 000 000 000 000 000 004 020 100 000 000 000 000 000 000 000 000 000 004 020 100
root_10,84,34 16 9 9 9 001 008 040 000 000 000 000 000 000 000 000 022 001 02a 040 022 000 000 000 000 000 000 000 000 001 008 040 002 010 0a2 000 022 000 022 000 000 000 000 000 002 010 080 000 000 000 000 000 000 000 000 000 002 010 080 004 020 100 000 000 000 000 000 000 000 000 000 004 020 100 000 000 000 000 000 000 000 000 000 004 020 100
root_10,84,64 16 9 9 9 001 008 040 000 000 000 000 000 000 000 000 040 001 048 040 040 000 000 000 000 000 000 000 000 001 008 040 002 010 0c0 000 040 000 040 000 000 000 000 000 002 010 080 000 000 000 000 000 000 000 000 000 002 010 080 004 020 100 000 000 000 000 000 000 000 000 000 004 020 100 000 000 000 000 000 000 000 000 000 004 020 100
root_10,84,66 16 9 9 9 001 008 040 000 000 000 000 000 000 000 000 042 001 04a 040 042 000 000 000 000 000 000 000 000 001 008 040 002 010 0c2 000 042 000 042 000 000 000 000 000 002 010 080 000 000 000 000 000 000 000 000 000 002 010 080 004 020 100 000 000 000 000 000 000 000 000 000 004 020 100 000 000 000 000 000 000 000 000 000 004 020 100
root_10,84,68 16 9 9 9 001 008 040 000 000 000 000 000 000 000 000 044 001 04c 040 044 000 000 000 000 000 000 000 000 001 008 040 002 010 0c4 000 044 000 044 000 000 000 000 000 002 010 080 000 000 000 000 000 000 000 000 000 002 010 080 004 020 100 000 000 000 000 000 000 000 000 000 004 020 100 000 000 000 000 000 000 000 000 000 004 020 100
root_10,84,84 16 9 9 9 001 008 040 000 000 000 000 000 000 000 000 054 001 05c 040 054 000 000 000 000 000 000 000 000 001 008 040 002 010 0d4 000 054 000 054 000 000 000 000 000 002 010 080 000 000 000 000 000 000 000 000 000 002 010 080 004 020 100 000 000 000 000 000 000 000 000 000 004 020 100 000 000 000 000 000 000 000 000 000 004 020 100
root_10,84,86 16 9 9 9 001 008 040 000 000 000 000 000 000 000 000 056 001 05e 040 056 000 000 000 000 000 000 000 000 001 008 040 002 010 0d6 000 056 000 056 000 000 000 000 000 002 010 080 000 000 000 000 000 000 000 000 000 002 010 080 004 020 100 000 000 000 000 000 000 000 000 000 004 020 100 000 000 000 000 000 000 000 000 000 004 020 100
root_10,84,98 16 9 9 9 001 008 040 000 000 000 000 000 000 000 000 062 001 06a 040 062 000 000 000 000 000 000 000 000 001 008 040 002 010 0e2 000 062 000 062 000 000 000 000 000 002 010 080 000 000 000 000 000 000 000 000 000 002 010 080 004 020 100 000 000 000 000 000 000 000 000 000 004 020 100 000 000 000 000 000 000 000 000 000 004 020 100
root_10,84,128 16 9 9 9 001 008 040 000 000 000 000 000 000 000 000 080 001 088 040 080 000 000 000 000 000 000 000 000 001 008 040 002 010 000 000 080 000 080 000 000 000 000 000 002 010 080 000 000 000 000 000 000 000 000 000 002 010 080 004 020 100 000 000 000 000 000 000 000 000 000 004 020 100 000 000 000 000 000 000 000 000 000 004 020 100
root_10,84,129 16 9 9 9 001 008 040 000 000 000 000 000 000 000 000 081 001 089 040 081 000 000 000 000 000 000 000 000 001 008 040 002 010 001 000 081 000 081 000 000 000 000 000 002 010 080 000 000 000 000 000 000 000 000 000 002 010 080 004 020 100 000 000 000 000 000 000 000 000 000 004 020 100 000 000 000 000 000 000 000 000 000 004 020 100
root_10,84,132 16 9 9 9 001 008 040 000 000 000 000 000 000 000 000 084 001 08c 040 084 000 000 000 000 000 000 000 000 001 008 040 002 010 004 000 084 000 084 000 000 000 000 000 002 010 080 000 000 000 000 000 000 000 000 000 002 010 080 004 020 100 000 000 000 000 000 000 000 000 000 004 020 100 000 000 000 000 000 000 000 000 000 004 020 100
root_10,84,134 16 9 9 9 001 008 040 000 000 000 000 000 000 000 000 086 001 08e 040 086 000 000 000 000 000 000 000 000 001 008 040 002 010 006 000 086 000 086 000 000 000 000 000 002 010 080 000 000 000 000 000 000 000 000 000 002 010 080 004 020 100 000 000 000 000 000 000 000 000 000 004 020 100 000 000 000 000 000 000 000 000 000 004 020 100
root_10,84,136 16 9 9 9 001 008 040 000 000 000 000 000 000 000 000 088 001 080 040 088 000 000 000 000 000 000 000 000 001 008 040 002 010 008 000 088 000 088 000 000 000 000 000 002 010 080 000 000 000 000 000 000 000 000 000 002 010 080 004 020 100 000 000 000 000 000 000 000 000 000 004 020 100 000 000 000 000 000 000 000 000 000 004 020 100
root_10,84,140 16 9 9 9 001 008 040 000 000 000 000 000 000 000 000 08c 001 084 040 08c 000 000 000 000 000 000 000 000 001 008 040 002 010 00c 000 08c 000 08c 000 000 000 000 000 002 010 080 000 000 000 000 000 000 000 000 000 002 010 080 004 020 100 000 000 000 000 000 000 000 000 000 004 020 100 000 000 000 000 000 000 000 000 000 004 020 100
root_10,84,142 16 9 9 9 001 008 040 000 000 000 000 000 000 000 000 08e 001 086 040 08e 000 000 000 000 000 000 000 000 001 008 040 002 010 00e 000 08e 000 08e 000 000 000 000 000 002 010 080 000 000 000 000 000 000 000 000 000 002 010 080 004 020 100 000 000 000 000 000 000 000 000 000 004 020 100 000 000 000 000 000 000 000 000 000 004 020 100
root_84,1,1 16 9 9 9 001 008 040 000 000 000 000 000 000 000 000 000 001 008 040 000 000 000 001 000 000 000 000 000 001 008 040 002 010 080 000 000 000 000 000 000 001 000 000 002 010 080 000 000 000 000 000 000 000 000 000 002 010 080 005 020 100 000 000 000 000 000 000 000 000 000 004 020 100 000 000 000 000 000 000 000 000 000 004 020 100
root_84,1,2 16 9 9 9 001 008 040 000 000 000 000 000 000 000 000 000 001 008 040 000 000 000 002 000 000 000 000 000 001 008 040 002 010 080 000 000 000 000 000 000 002 000 000 002 010 080 000 000 000 000 000 000 000 000 000 002 010 080 006 020 100 000 000 000 000 000 000 000 000 000 004 020 100 000 000 000 000 000 000 000 000 000 004 020 100
root_84,1,10 16 9 9 9 001 008 040 000 000 000 000 000 000 000 000 000 001 008 040 000 000 000 00a 000 000 000 000 000 001 008 040 002 010 080 000 000 000 000 000 000 00a 000 000 002 010 080 000 000 000 000 000 000 000 000 000 002 010 080 00e 020 100 000 000 000 000 000 000 000 000 000 004 020 100 000 000 000 000 000 000 000 000 000 004 020 100
root_84,1,20 16 9 9 9 001 008 040 000 000 000 000 000 000 000 000 000 001 008 040 000 000 000 014 000 000 000 000 000 001 008 040 002 010 080 000 000 000 000 000 000 014 000 000 002 010 080 000 000 000 000 000 000 000 000 000 002 010 080 010 020 100 000 000 000 000 000 000 000 000 000 004 020 100 000 000 000 000 000 000 000 000 000 004 020 100
root_84,1,64 16 9 9 9 001 008 040 000 000 000 000 000 000 000 000 000 001 008 040 000 000 000 040 000 000 000 000 000 001 008 040 002 010 080 000 000 000 000 000 000 040 000 000 002 010 080 000 000 000 000 000 000 000 000 000 002 010 080 044 020 100 000 000 000 000 000 000 000 000 000 004 020 100 000 000 000 000 000 000 000 000 000 004 020 100
root_84,1,66 16 9 9 9 001 008 040 000 000 000 000 000 000 000 000 000 001 008 040 000 000 000 042 000 000 000 000 000 001 008 040 002 010 080 000 000 000 000 000 000 042 000 000 002 010 080 000 000 000 000 000 000 000 000 000 002 010 080 046 020 100 000 000 000 000 000 000 000 000 000 004 020 100 000 000 000 000 000 000 000 000 000 004 020 100
root_84,1,84 16 9 9 9 001 008 040 000 000 000 000 000 000 000 000 000 001 008 040 000 000 000 054 000 000 000 000 000 001 008 040 002 010 080 000 000 000 000 000 000 054 000 000 002 010 080 000 000 000 000 000 000 000 000 000 002 010 080 050 020 100 000 000 000 000 000 000 000 000 000 004 020 100 000 000 000 000 000 000 000 000 000 004 020 100
root_84,1,128 16 9 9 9 001 008 040 000 000 000 000 000 000 000 000 000 001 008 040 000 000 000 080 000 000 000 000 000 001 008 040 002 010 080 000 000 000 000 000 000 080 000 000 002 010 080 000 000 000 000 000 000 000 000 000 002 010 080 084 020 100 000 000 000 000 000 000 000 000 000 004 020 100 000 000 000 000 000 000 000 000 000 004 020 100
root_84,1,129 16 9 9 9 001 008 040 000 000 000 000 000 000 000 000 000 001 008 040 000 000 000 081 000 000 000 000 000 001 008 040 002 010 080 000 000 000 000 000 000 081 000 000 002 010 080 000 000 000 000 000 000 000 000 000 002 010 080 085 020 100 000 000 000 000 000 000 000 000 000 004 020 100 000 000 000 000 000 000 000 000 000 004 020 100
root_84,1,132 16 9 9 9 001 008 040 000 000 000 000 000 000 000 000 000 001 008 040 000 000 000 084 000 000 000 000 000 001 008 040 002 010 080 000 000 000 000 000 000 084 000 000 002 010 080 000 000 000 000 000 000 000 000 000 002 010 080 080 020 100 000 000 000 000 000 000 000 000 000 004 020 100 000 000 000 000 000 000 000 000 000 004 020 100
root_84,1,140 16 9 9 9 001 008 040 000 000 000 000 000 000 000 000 000 001 008 040 000 000 000 08c 000 000 000 000 000 001 008 040 002 010 080 000 000 000 000 000 000 08c 000 000 002 010 080 000 000 000 000 000 000 000 000 000 002 010 080 088 020 100 000 000 000 000 000 000 000 000 000 004 020 100 000 000 000 000 000 000 000 000 000 004 020 100
root_84,10,1 16 9 9 9 001 008 040 000 000 000 000 000 000 000 000 000 001 008 040 000 000 000 000 001 000 001 000 000 001 008 040 002 010 080 000 000 000 000 000 000 000 001 000 003 010 080 000 000 000 000 000 000 000 000 000 002 010 080 004 021 100 001 000 000 000 000 000 000 000 000 004 020 100 000 000 000 000 000 000 000 000 000 004 020 100
root_84,10,4 16 9 9 9 001 008 040 000 000 000 000 000 000 000 000 000 001 008 040 000 000 000 000 004 000 004 000 000 001 008 040 002 010 080 000 000 000 000 000 000 000 004 000 006 010 080 000 000 000 000 000 000 000 000 000 002 010 080 004 024 100 004 000 000 000 000 000 000 000 000 004 020 100 000 000 000 000 000 000 000 000 000 004 020 100
root_84,10,8 16 9 9 9 001 008 040 000 000 000 000 000 000 000 000 000 001 008 040 000 000 000 000 008 000 008 000 000 001 008 040 002 010 080 000 000 000 000 000 000 000 008 000 00a 010 080 000 000 000 000 000 000 000 000 000 002 010 080 004 028 100 008 000 000 000 000 000 000 000 000 004 020 100 000 000 000 000 000 000 000 000 000 004 020 100
root_84,10,10 16 9 9 9 001 008 040 000 000 000 000 000 000 000 000 000 001 008 040 000 000 000 000 00a 000 00a 000 000 001 008 040 002 010 080 000 000 000 000 000 000 000 00a 000 008 010 080 000 000 000 000 000 000 000 000 000 002 010 080 004 02a 100 00a 000 000 000 000 000 000 000 000 004 020 100 000 000 000 000 000 000 000 000 000 004 020 100
root_84,10,12 16 9 9 9 001 008 040 000 000 000 000 000 000 000 000 000 001 008 040 000 000 000 000 00c 000 00c 000 000 001 008 040 002 010 080 000 000 000 000 000 000 000 00c 000 00e 010 080 000 000 000 000 000 000 000 000 000 002 010 080 004 02c 100 00c 000 000 000 000 000 000 000 000 004 020 100 000 000 000 000 000 000 000 000 000 004 020 100
root_84,10,16 16 9 9 9 001 008 040 000 000 000 000 000 000 000 000 000 001 008 040 000 000 000 000 010 000 010 000 000 001 008 040 002 010 080 000 000 000 000 000 000 000 010 000 012 010 080 000 000 000 000 000 000 000 000 000 002 010 080 004 030 100 010 000 000 000 000 000 000 000 000 004 020 100 000 000 000 000 000 000 000 000 000 004 020 100
root_84,10,17 16 9 9 9 001 008 040 000 000 000 000 000 000 000 000 000 001 008 040 000 000 000 000 011 000 011 000 000 001 008 040 002 010 080 000 000 000 000 000 000 000 011 000 013 010 080 000 000 000 000 000 000 000 000 000 002 010 080 004 031 100 011 000 000 000 000 000 000 000 000 004 020 100 000 000 000 000 000 000 000 000 000 004 020 100
root_84,10,20 16 9 9 9 001 008 040 000 000 000 000 000 000 000 000 000 001 008 040 000 000 000 000 014 000 014 000 000 001 008 040 002 010 080 000 000 000 000 000 000 000 014 000 016 010 080 000 000 000 000 000 000 000 000 000 002 010 080 004 034 100 014 000 000 000 000 000 000 000 000 004 020 100 000 000 000 000 000 000 000 000 000 004 020 100
root_84,10,32 16 9 9 9 001 008 040 000 000 000 000 000 000 000 000 000 001 008 040 000 000 000 000 020 000 020 000 000 001 008 040 002 010 080 000 000 000 000 000 000 000 020 000 022 010 080 000 000 000 000 000 000 000 000 000 002 010 080 004 000 100 020 000 000 000 000 000 000 000 000 004 020 100 000 000 000 000 000 000 000 000 000 004 020 100
root_84,10,33 16 9 9 9 001 008 040 000 000 000 000 000 000 000 000 000 001 008 040 000 000 000 000 021 000 021 000 000 001 008 040 002 010 080 000 000 000 000 000 000 000 021 000 023 010 080 000 000 000 000 000 000 000 000 000 002 010 080 004 001 100 021 000 000 000 000 000 000 000 000 004 020 100 000 000 000 000 000 000 000 000 000 004 020 100
root_84,10,34 16 9 9 9 001 008 040 000 000 000 000 000 000 000 000 000 001 008 040 000 000 000 000 022 000 022 000 000 001 008 040 002 010 080 000 000 000 000 000 000 000 022 000 020 010 080 000 000 000 000 000 000 000 000 000 002 010 080 004 002 100 022 000 000 000 000 000 000 000 000 004 020 100 000 000 000 000 000 000 000 000 000 004 020 100
root_84,10,80 16 9 9 9 001 008 040 000 000 000 000 000 000 000 000 000 001 008 040 000 000 000 000 050 000 050 000 000 001 008 040 002 010 080 000 000 000 000 000 000 000 050 000 052 010 080 000 000 000 000 000 000 000 000 000 002 010 080 004 070 100 050 000 000 000 000 000 000 000 000 004 020 100 000 000 000 000 000 000 000 000 000 004 020 100
root_84,10,84 16 9 9 9 001 008 040 000 000 000 000 000 000 000 000 000 001 008 040 000 000 000 000 054 000 054 000 000 001 008 040 002 010 080 000 000 000 000 000 000 000 054 000 056 010 080 000 000 000 000 000 000 000 000 000 002 010 080 004 074 100 054 000 000 000 000 000 000 000 000 004 020 100 000 000 000 000 000 000 000 000 000 004 020 100
root_84,10,88 16 9 9 9 001 008 040 000 000 000 000 000 000 000 000 000 001 008 040 000 000 000 000 058 000 058 000 000 001 008 040 002 010 080 000 000 000 000 000 000 000 058 000 05a 010 080 000 000 000 000 000 000 000 000 000 002 010 080 004 078 100 058 000 000 000 000 000 000 000 000 004 020 100 000 000 000 000 000 000 000 000 000 004 020 100
root_84,10,92 16 9 9 9 001 008 040 000 000 000 000 000 000 000 000 000 001 008 040 000 000 000 000 05c 000 05c 000 000 001 008 040 002 010 080 000 000 000 000 000 000 000 05c 000 05e 010 080 000 000 000 000 000 000 000 000 000 002 010 080 004 07c 100 05c 000 000 000 000 000 000 000 000 004 020 100 000 000 000 000 000 000 000 000 000 004 020 100
root_84,10,96 16 9 9 9 001 008 040 000 000 000 000 000 000 000 000 000 001 008 040 000 000 000 000 060 000 060 000 000 001 008 040 002 010 080 000 000 000 000 000 000 000 060 000 062 010 080 000 000 000 000 000 000 000 000 000 002 010 080 004 040 100 060 000 000 000 000 000 000 000 000 004 020 100 000 000 000 000 000 000 000 000 000 004 020 100
root_84,10,98 16 9 9 9 001 008 040 000 000 000 000 000 000 000 000 000 001 008 040 000 000 000 000 062 000 062 000 000 001 008 040 002 010 080 000 000 000 000 000 000 000 062 000 060 010 080 000 000 000 000 000 000 000 000 000 002 010 080 004 042 100 062 000 000 000 000 000 000 000 000 004 020 100 000 000 000 000 000 000 000 000 000 004 020 100
root_84,10,104 16 9 9 9 001 008 040 000 000 000 000 000 000 000 000 000 001 008 040 000 000 000 000 068 000 068 000 000 001 008 040 002 010 080 000 000 000 000 000 000 000 068 000 06a 010 080 000 000 000 000 000 000 000 000 000 002 010 080 004 048 100 068 000 000 000 000 000 000 000 000 004 020 100 000 000 000 000 000 000 000 000 000 004 020 100
root_84,10,106 16 9 9 9 001 008 040 000 000 000 000 000 000 000 000 000 001 008 040 000 000 000 000 06a 000 06a 000 000 001 008 040 002 010 080 000 000 000 000 000 000 000 06a 000 068 010 080 000 000 000 000 000 000 000 000 000 002 010 080 004 04a 100 06a 000 000 000 000 000 000 000 000 004 020 100 000 000 000 000 000 000 000 000 000 004 020 100
root_84,10,136 16 9 9 9 001 008 040 000 000 000 000 000 000 000 000 000 001 008 040 000 000 000 000 088 000 088 000 000 001 008 040 002 010 080 000 000 000 000 000 000 000 088 000 08a 010 080 000 000 000 000 000 000 000 000 000 002 010 080 004 0a8 100 088 000 000 000 000 000 000 000 000 004 020 100 000 000 000 000 000 000 000 000 000 004 020 100
root_84,10,140 16 9 9 9 001 008 040 000 000 000 000 000 000 000 000 000 001 008 040 000 000 000 000 08c 000 08c 000 000 001 008 040 002 010 080 000 000 000 000 000 000 000 08c 000 08e 010 080 000 000 000 000 000 000 000 000 000 002 010 080 004 0ac 100 08c 000 000 000 000 000 000 000 000 004 020 100 000 000 000 000 000 000 000 000 000 004 020 100
root_84,84,1 16 9 9 9 001 008 040 000 000 000 000 000 000 000 000 000 001 008 040 000 000 000 000 000 001 000 001 000 000 008 040 002 010 080 000 000 000 000 000 000 000 000 001 002 011 080 001 000 000 000 000 000 000 000 000 002 010 080 004 020 101 000 001 000 001 000 000 000 000 000 004 020 100 000 000 000 000 000 000 000 000 000 004 020 100
root_84,84,2 16 9 9 9 001 008 040 000 000 000 000 000 000 000 000 000 001 008 040 000 000 000 000 000 002 000 002 000 003 008 040 002 010 080 000 000 000 000 000 000 000 000 002 002 012 080 002 000 000 000 000 000 000 000 000 002 010 080 004 020 102 000 002 000 002 000 000 000 000 000 004 020 100 000 000 000 000 000 000 000 000 000 004 020 100
root_84,84,10 16 9 9 9 001 008 040 000 000 000 000 000 000 000 000 000 001 008 040 000 000 000 000 000 00a 000 00a 000 00b 008 040 002 010 080 000 000 000 000 000 000 000 000 00a 002 01a 080 00a 000 000 000 000 000 000 000 000 002 010 080 004 020 10a 000 00a 000 00a 000 000 000 000 000 004 020 100 000 000 000 000 000 000 000 000 000 004 020 100
root_84,84,11 16 9 9 9 001 008 040 000 000 000 000 000 000 000 000 000 001 008 040 000 000 000 000 000 00b 000 00b 000 00a 008 040 002 010 080 000 000 000 000 000 000 000 000 00b 002 01b 080 00b 000 000 000 000 000 000 000 000 002 010 080 004 020 10b 000 00b 000 00b 000 000 000 000 000 004 020 100 000 000 000 000 000 000 000 000 000 004 020 100
root_84,84,12 16 9 9 9 001 008 040 000 000 000 000 000 000 000 000 000 001 008 040 000 000 000 000 000 00c 000 00c 000 00d 008 040 002 010 080 000 000 000 000 000 000 000 000 00c 002 01c 080 00c 000 000 000 000 000 000 000 000 002 010 080 004 020 10c 000 00c 000 00c 000 000 000 000 000 004 020 100 000 000 000 000 000 000 000 000 000 004 020 100
root_84,84,13 16 9 9 9 001 008 040 000 000 000 000 000 000 000 000 000 001 008 040 000 000 000 000 000 00d 000 00d 000 00c 008 040 002 010 080 000 000 000 000 000 000 000 000 00d 002 01d 080 00d 000 000 000 000 000 000 000 000 002 010 080 004 020 10d 000 00d 000 00d 000 000 000 000 000 004 020 100 000 000 000 000 000 000 000 000 000 004 020 100
root_84,84,17 16 9 9 9 001 008 040 000 000 000 000 000 000 000 000 000 001 008 040 000 000 000 000 000 011 000 011 000 010 008 040 002 010 080 000 000 000 000 000 000 000 000 011 002 001 080 011 000 000 000 000 000 000 000 000 002 010 080 004 020 111 000 011 000 011 000 000 000 000 000 004 020 100 000 000 000 000 000 000 000 000 000 004 020 100
root_84,84,84 16 9 9 9 001 008 040 000 000 000 000 000 000 000 000 000 001 008 040 000 000 000 000 000 054 000 054 000 055 008 040 002 010 080 000 000 000 000 000 000 000 000 054 002 044 080 054 000 000 000 000 000 000 000 000 002 010 080 004 020 154 000 054 000 054 000 000 000 000 000 004 020 100 000 000 000 000 000 000 000 000 000 004 020 100
root_84,84,85 16 9 9 9 001 008 040 000 000 000 000 000 000 000 000 000 001 008 040 000 000 000 000 000 055 000 055 000 054 008 040 002 010 080 000 000 000 000 000 000 000 000 055 002 045 080 055 000 000 000 000 000 000 000 000 002 010 080 004 020 155 000 055 000 055 000 000 000 000 000 004 020 100 000 000 000 000 000 000 000 000 000 004 020 100
root_84,84,86 16 9 9 9 001 008 040 000 000 000 000 000 000 000 000 000 001 008 040 000 000 000 000 000 056 000 056 000 057 008 040 002 010 080 000 000 000 000 000 000 000 000 056 002 046 080 056 000 000 000 000 000 000 000 000 002 010 080 004 020 156 000 056 000 056 000 000 000 000 000 004 020 100 000 000 000 000 000 000 000 000 000 004 020 100
root_84,84,94 16 9 9 9 001 008 040 000 000 000 000 000 000 000 000 000 001 008 040 000 000 000 000 000 05e 000 05e 000 05f 008 040 002 010 080 000 000 000 000 000 000 000 000 05e 002 04e 080 05e 000 000 000 000 000 000 000 000 002 010 080 004 020 15e 000 05e 000 05e 000 000 000 000 000 004 020 100 000 000 000 000 000 000 000 000 000 004 020 100
root_84,84,95 16 9 9 9 001 008 040 000 000 000 000 000 000 000 000 000 001 008 040 000 000 000 000 000 05f 000 05f 000 05e 008 040 002 010 080 000 000 000 000 000 000 000 000 05f 002 04f 080 05f 000 000 000 000 000 000 000 000 002 010 080 004 020 15f 000 05f 000 05f 000 000 000 000 000 004 020 100 000 000 000 000 000 000 000 000 000 004 020 100
root_84,84,273 16 9 9 9 001 008 040 000 000 000 000 000 000 000 000 000 001 008 040 000 000 000 000 000 111 000 111 000 110 008 040 002 010 080 000 000 000 000 000 000 000 000 111 002 101 080 111 000 000 000 000 000 000 000 000 002 010 080 004 020 011 000 111 000 111 000 000 000 000 000 004 020 100 000 000 000 000 000 000 000 000 000 004 020 100
root_1,10,64 16 9 9 9 001 048 040 040 000 000 000 000 000 000 000 000 001 008 040 000 000 000 000 000 000 000 000 000 001 008 040 002 010 080 000 000 000 000 000 000 000 000 000 002 010 080 000 000 000 000 000 000 000 000 000 002 010 080 004 020 100 000 000 000 000 000 000 000 000 000 004 020 100 000 000 000 000 000 000 000 000 000 004 020 100
root_1,10,66 16 9 9 9 001 04a 040 042 000 000 000 000 000 000 000 000 001 008 040 000 000 000 000 000 000 000 000 000 001 008 040 002 010 080 000 000 000 000 000 000 000 000 000 002 010 080 000 000 000 000 000 000 000 000 000 002 010 080 004 020 100 000 000 000 000 000 000 000 000 000 004 020 100 000 000 000 000 000 000 000 000 000 004 020 100
root_1,10,67 16 9 9 9 001 04b 040 043 000 000 000 000 000 000 000 000 001 008 040 000 000 000 000 000 000 000 000 000 001 008 040 002 010 080 000 000 000 000 000 000 000 000 000 002 010 080 000 000 000 000 000 000 000 000 000 002 010 080 004 020 100 000 000 000 000 000 000 000 000 000 004 020 100 000 000 000 000 000 000 000 000 000 004 020 100
root_1,10,88 16 9 9 9 001 050 040 058 000 000 000 000 000 000 000 000 001 008 040 000 000 000 000 000 000 000 000 000 001 008 040 002 010 080 000 000 000 000 000 000 000 000 000 002 010 080 000 000 000 000 000 000 000 000 000 002 010 080 004 020 100 000 000 000 000 000 000 000 000 000 004 020 100 000 000 000 000 000 000 000 000 000 004 020 100
root_1,10,92 16 9 9 9 001 054 040 05c 000 000 000 000 000 000 000 000 001 008 040 000 000 000 000 000 000 000 000 000 001 008 040 002 010 080 000 000 000 000 000 000 000 000 000 002 010 080 000 000 000 000 000 000 000 000 000 002 010 080 004 020 100 000 000 000 000 000 000 000 000 000 004 020 100 000 000 000 000 000 000 000 000 000 004 020 100
root_1,10,128 16 9 9 9 001 088 040 080 000 000 000 000 000 000 000 000 001 008 040 000 000 000 000 000 000 000 000 000 001 008 040 002 010 080 000 000 000 000 000 000 000 000 000 002 010 080 000 000 000 000 000 000 000 000 000 002 010 080 004 020 100 000 000 000 000 000 000 000 000 000 004 020 100 000 000 000 000 000 000 000 000 000 004 020 100
root_1,10,132 16 9 9 9 001 08c 040 084 000 000 000 000 000 000 000 000 001 008 040 000 000 000 000 000 000 000 000 000 001 008 040 002 010 080 000 000 000 000 000 000 000 000 000 002 010 080 000 000 000 000 000 000 000 000 000 002 010 080 004 020 100 000 000 000 000 000 000 000 000 000 004 020 100 000 000 000 000 000 000 000 000 000 004 020 100
root_1,80,20 16 9 9 9 001 008 040 000 014 000 014 000 000 000 000 000 001 008 040 000 000 000 000 000 000 000 000 000 001 008 040 002 010 080 000 000 000 000 000 000 000 000 000 002 010 080 000 000 000 000 000 000 000 000 000 002 010 080 004 020 100 000 000 000 000 000 000 000 000 000 004 020 100 000 000 000 000 000 000 000 000 000 004 020 100
root_1,80,64 16 9 9 9 001 008 040 000 040 000 040 000 000 000 000 000 001 008 040 000 000 000 000 000 000 000 000 000 001 008 040 002 010 080 000 000 000 000 000 000 000 000 000 002 010 080 000 000 000 000 000 000 000 000 000 002 010 080 004 020 100 000 000 000 000 000 000 000 000 000 004 020 100 000 000 000 000 000 000 000 000 000 004 020 100
root_1,80,67 16 9 9 9 001 008 040 000 043 000 043 000 000 000 000 000 001 008 040 000 000 000 000 000 000 000 000 000 001 008 040 002 010 080 000 000 000 000 000 000 000 000 000 002 010 080 000 000 000 000 000 000 000 000 000 002 010 080 004 020 100 000 000 000 000 000 000 000 000 000 004 020 100 000 000 000 000 000 000 000 000 000 004 020 100
root_1,80,128 16 9 9 9 001 008 040 000 080 000 080 000 000 000 000 000 001 008 040 000 000 000 000 000 000 000 000 000 001 008 040 002 010 080 000 000 000 000 000 000 000 000 000 002 010 080 000 000 000 000 000 000 000 000 000 002 010 080 004 020 100 000 000 000 000 000 000 000 000 000 004 020 100 000 000 000 000 000 000 000 000 000 004 020 100
root_1,80,132 16 9 9 9 001 008 040 000 084 000 084 000 000 000 000 000 001 008 040 000 000 000 000 000 000 000 000 000 001 008 040 002 010 080 000 000 000 000 000 000 000 000 000 002 010 080 000 000 000 000 000 000 000 000 000 002 010 080 004 020 100 000 000 000 000 000 000 000 000 000 004 020 100 000 000 000 000 000 000 000 000 000 004 020 100
root_1,84,20 16 9 9 9 001 008 054 000 014 000 014 000 000 000 000 000 001 008 040 000 000 000 000 000 000 000 000 000 001 008 040 002 010 080 000 000 000 000 000 000 000 000 000 002 010 080 000 000 000 000 000 000 000 000 000 002 010 080 004 020 100 000 000 000 000 000 000 000 000 000 004 020 100 000 000 000 000 000 000 000 000 000 004 020 100
root_1,84,64 16 9 9 9 001 008 000 000 040 000 040 000 000 000 000 000 001 008 040 000 000 000 000 000 000 000 000 000 001 008 040 002 010 080 000 000 000 000 000 000 000 000 000 002 010 080 000 000 000 000 000 000 000 000 000 002 010 080 004 020 100 000 000 000 000 000 000 000 000 000 004 020 100 000 000 000 000 000 000 000 000 000 004 020 100
root_1,84,128 16 9 9 9 001 008 0c0 000 080 000 080 000 000 000 000 000 001 008 040 000 000 000 000 000 000 000 000 000 001 008 040 002 010 080 000 000 000 000 000 000 000 000 000 002 010 080 000 000 000 000 000 000 000 000 000 002 010 080 004 020 100 000 000 000 000 000 000 000 000 000 004 020 100 000 000 000 000 000 000 000 000 000 004 020 100
root_1,84,129 16 9 9 9 001 008 0c1 000 081 000 081 000 000 000 000 000 001 008 040 000 000 000 000 000 000 000 000 000 001 008 040 002 010 080 000 000 000 000 000 000 000 000 000 002 010 080 000 000 000 000 000 000 000 000 000 002 010 080 004 020 100 000 000 000 000 000 000 000 000 000 004 020 100 000 000 000 000 000 000 000 000 000 004 020 100
root_1,84,132 16 9 9 9 001 008 0c4 000 084 000 084 000 000 000 000 000 001 008 040 000 000 000 000 000 000 000 000 000 001 008 040 002 010 080 000 000 000 000 000 000 000 000 000 002 010 080 000 000 000 000 000 000 000 000 000 002 010 080 004 020 100 000 000 000 000 000 000 000 000 000 004 020 100 000 000 000 000 000 000 000 000 000 004 020 100
root_1,84,140 16 9 9 9 001 008 0cc 000 08c 000 08c 000 000 000 000 000 001 008 040 000 000 000 000 000 000 000 000 000 001 008 040 002 010 080 000 000 000 000 000 000 000 000 000 002 010 080 000 000 000 000 000 000 000 000 000 002 010 080 004 020 100 000 000 000 000 000 000 000 000 000 004 020 100 000 000 000 000 000 000 000 000 000 004 020 100
root_10,1,4 16 9 9 9 001 008 040 000 000 000 000 000 000 004 000 000 001 008 040 000 000 000 000 000 000 000 000 000 001 008 040 006 010 080 000 000 000 000 000 000 000 000 000 002 010 080 000 000 000 000 000 000 000 000 000 002 010 080 004 020 100 000 000 000 000 000 000 000 000 000 004 020 100 000 000 000 000 000 000 000 000 000 004 020 100
root_10,1,12 16 9 9 9 001 008 040 000 000 000 000 000 000 00c 000 000 001 008 040 000 000 000 000 000 000 000 000 000 001 008 040 00e 010 080 000 000 000 000 000 000 000 000 000 002 010 080 000 000 000 000 000 000 000 000 000 002 010 080 004 020 100 000 000 000 000 000 000 000 000 000 004 020 100 000 000 000 000 000 000 000 000 000 004 020 100
root_10,1,13 16 9 9 9 001 008 040 000 000 000 000 000 000 00d 000 000 001 008 040 000 000 000 000 000 000 000 000 000 001 008 040 00f 010 080 000 000 000 000 000 000 000 000 000 002 010 080 000 000 000 000 000 000 000 000 000 002 010 080 004 020 100 000 000 000 000 000 000 000 000 000 004 020 100 000 000 000 000 000 000 000 000 000 004 020 100
root_10,1,22 16 9 9 9 001 008 040 000 000 000 000 000 000 016 000 000 001 008 040 000 000 000 000 000 000 000 000 000 001 008 040 014 010 080 000 000 000 000 000 000 000 000 000 002 010 080 000 000 000 000 000 000 000 000 000 002 010 080 004 020 100 000 000 000 000 000 000 000 000 000 004 020 100 000 000 000 000 000 000 000 000 000 004 020 100
root_10,1,32 16 9 9 9 001 008 040 000 000 000 000 000 000 020 000 000 001 008 040 000 000 000 000 000 000 000 000 000 001 008 040 022 010 080 000 000 000 000 000 000 000 000 000 002 010 080 000 000 000 000 000 000 000 000 000 002 010 080 004 020 100 000 000 000 000 000 000 000 000 000 004 020 100 000 000 000 000 000 000 000 000 000 004 020 100
root_10,1,86 16 9 9 9 001 008 040 000 000 000 000 000 000 056 000 000 001 008 040 000 000 000 000 000 000 000 000 000 001 008 040 054 010 080 000 000 000 000 000 000 000 000 000 002 010 080 000 000 000 000 000 000 000 000 000 002 010 080 004 020 100 000 000 000 000 000 000 000 000 000 004 020 100 000 000 000 000 000 000 000 000 000 004 020 100
root_10,1,96 16 9 9 9 001 008 040 000 000 000 000 000 000 060 000 000 001 008 040 000 000 000 000 000 000 000 000 000 001 008 040 062 010 080 000 000 000 000 000 000 000 000 000 002 010 080 000 000 000 000 000 000 000 000 000 002 010 080 004 020 100 000 000 000 000 000 000 000 000 000 004 020 100 000 000 000 000 000 000 000 000 000 004 020 100
root_10,64,4 16 9 9 9 001 008 040 000 000 000 000 000 000 000 000 000 001 008 040 004 000 000 000 000 000 000 000 000 001 008 040 002 010 080 000 000 000 004 000 000 000 000 000 002 010 080 000 000 000 000 000 000 000 000 000 002 010 080 004 020 100 000 000 000 000 000 000 000 000 000 004 020 100 000 000 000 000 000 000 000 000 000 004 020 100
root_10,64,13 16 9 9 9 001 008 040 000 000 000 000 000 000 000 000 000 001 008 040 00d 000 000 000 000 000 000 000 000 001 008 040 002 010 080 000 000 000 00d 000 000 000 000 000 002 010 080 000 000 000 000 000 000 000 000 000 002 010 080 004 020 100 000 000 000 000 000 000 000 000 000 004 020 100 000 000 000 000 000 000 000 000 000 004 020 100
root_10,64,32 16 9 9 9 001 008 040 000 000 000 000 000 000 000 000 000 001 008 040 020 000 000 000 000 000 000 000 000 001 008 040 002 010 080 000 000 000 020 000 000 000 000 000 002 010 080 000 000 000 000 000 000 000 000 000 002 010 080 004 020 100 000 000 000 000 000 000 000 000 000 004 020 100 000 000 000 000 000 000 000 000 000 004 020 100
root_10,64,80 16 9 9 9 001 008 040 000 000 000 000 000 000 000 000 000 001 008 040 050 000 000 000 000 000 000 000 000 001 008 040 002 010 080 000 000 000 050 000 000 000 000 000 002 010 080 000 000 000 000 000 000 000 000 000 002 010 080 004 020 100 000 000 000 000 000 000 000 000 000 004 020 100 000 000 000 000 000 000 000 000 000 004 020 100
root_10,64,96 16 9 9 9 001 008 040 000 000 000 000 000 000 000 000 000 001 008 040 060 000 000 000 000 000 000 000 000 001 008 040 002 010 080 000 000 000 060 000 000 000 000 000 002 010 080 000 000 000 000 000 000 000 000 000 002 010 080 004 020 100 000 000 000 000 000 000 000 000 000 004 020 100 000 000 000 000 000 000 000 000 000 004 020 100
root_10,84,32 16 9 9 9 001 008 040 000 000 000 000 000 000 000 000 020 001 028 040 020 000 000 000 000 000 000 000 000 001 008 040 002 010 0a0 000 020 000 020 000 000 000 000 000 002 010 080 000 000 000 000 000 000 000 000 000 002 010 080 004 020 100 000 000 000 000 000 000 000 000 000 004 020 100 000 000 000 000 000 000 000 000 000 004 020 100
root_10,84,33 16 9 9 9 001 008 040 000 000 000 000 000 000 000 000 021 001 029 040 021 000 000 000 000 000 000 000 000 001 008 040 002 010 0a1 000 021 000 021 000 000 000 000 000 002 010 080 000 000 000 000 000 000 000 000 000 002 010 080 004 020 100 000 000 000 000 000 000 000 000 000 004 020 100 000 000 000 000 000 000 000 000 000 004 020 100
root_10,84,80 16 9 9 9 001 008 040 000 000 000 000 000 000 000 000 050 001 058 040 050 000 000 000 000 000 000 000 000 001 008 040 002 010 0d0 000 050 000 050 000 000 000 000 000 002 010 080 000 000 000 000 000 000 000 000 000 002 010 080 004 020 100 000 000 000 000 000 000 000 000 000 004 020 100 000 000 000 000 000 000 000 000 000 004 020 100
root_10,84,88 16 9 9 9 001 008 040 000 000 000 000 000 000 000 000 058 001 050 040 058 000 000 000 000 000 000 000 000 001 008 040 002 010 0d8 000 058 000 058 000 000 000 000 000 002 010 080 000 000 000 000 000 000 000 000 000 002 010 080 004 020 100 000 000 000 000 000 000 000 000 000 004 020 100 000 000 000 000 000 000 000 000 000 004 020 100
root_10,84,92 16 9 9 9 001 008 040 000 000 000 000 000 000 000 000 05c 001 054 040 05c 000 000 000 000 000 000 000 000 001 008 040 002 010 0dc 000 05c 000 05c 000 000 000 000 000 002 010 080 000 000 000 000 000 000 000 000 000 002 010 080 004 020 100 000 000 000 000 000 000 000 000 000 004 020 100 000 000 000 000 000 000 000 000 000 004 020 100
root_10,84,96 16 9 9 9 001 008 040 000 000 000 000 000 000 000 000 060 001 068 040 060 000 000 000 000 000 000 000 000 001 008 040 002 010 0e0 000 060 000 060 000 000 000 000 000 002 010 080 000 000 000 000 000 000 000 000 000 002 010 080 004 020 100 000 000 000 000 000 000 000 000 000 004 020 100 000 000 000 000 000 000 000 000 000 004 020 100
root_10,84,104 16 9 9 9 001 008 040 000 000 000 000 000 000 000 000 068 001 060 040 068 000 000 000 000 000 000 000 000 001 008 040 002 010 0e8 000 068 000 068 000 000 000 000 000 002 010 080 000 000 000 000 000 000 000 000 000 002 010 080 004 020 100 000 000 000 000 000 000 000 000 000 004 020 100 000 000 000 000 000 000 000 000 000 004 020 100
root_10,84,106 16 9 9 9 001 008 040 000 000 000 000 000 000 000 000 06a 001 062 040 06a 000 000 000 000 000 000 000 000 001 008 040 002 010 0ea 000 06a 000 06a 000 000 000 000 000 002 010 080 000 000 000 000 000 000 000 000 000 002 010 080 004 020 100 000 000 000 000 000 000 000 000 000 004 020 100 000 000 000 000 000 000 000 000 000 004 020 100
root_84,1,4 16 9 9 9 001 008 040 000 000 000 000 000 000 000 000 000 001 008 040 000 000 000 004 000 000 000 000 000 001 008 040 002 010 080 000 000 000 000 000 000 004 000 000 002 010 080 000 000 000 000 000 000 000 000 000 002 010 080 000 020 100 000 000 000 000 000 000 000 000 000 004 020 100 000 000 000 000 000 000 000 000 000 004 020 100
root_84,1,32 16 9 9 9 001 008 040 000 000 000 000 000 000 000 000 000 001 008 040 000 000 000 020 000 000 000 000 000 001 008 040 002 010 080 000 000 000 000 000 000 020 000 000 002 010 080 000 000 000 000 000 000 000 000 000 002 010 080 024 020 100 000 000 000 000 000 000 000 000 000 004 020 100 000 000 000 000 000 000 000 000 000 004 020 100
root_84,1,33 16 9 9 9 001 008 040 000 000 000 000 000 000 000 000 000 001 008 040 000 000 000 021 000 000 000 000 000 001 008 040 002 010 080 000 000 000 000 000 000 021 000 000 002 010 080 000 000 000 000 000 000 000 000 000 002 010 080 025 020 100 000 000 000 000 000 000 000 000 000 004 020 100 000 000 000 000 000 000 000 000 000 004 020 100
root_84,1,80 16 9 9 9 001 008 040 000 000 000 000 000 000 000 000 000 001 008 040 000 000 000 050 000 000 000 000 000 001 008 040 002 010 080 000 000 000 000 000 000 050 000 000 002 010 080 000 000 000 000 000 000 000 000 000 002 010 080 054 020 100 000 000 000 000 000 000 000 000 000 004 020 100 000 000 000 000 000 000 000 000 000 004 020 100
root_84,1,96 16 9 9 9 001 008 040 000 000 000 000 000 000 000 000 000 001 008 040 000 000 000 060 000 000 000 000 000 001 008 040 002 010 080 000 000 000 000 000 000 060 000 000 002 010 080 000 000 000 000 000 000 000 000 000 002 010 080 064 020 100 000 000 000 000 000 000 000 000 000 004 020 100 000 000 000 000 000 000 000 000 000 004 020 100
root_84,1,98 16 9 9 9 001 008 040 000 000 000 000 000 000 000 000 000 001 008 040 000 000 000 062 000 000 000 000 000 001 008 040 002 010 080 000 000 000 000 000 000 062 000 000 002 010 080 000 000 000 000 000 000 000 000 000 002 010 080 066 020 100 000 000 000 000 000 000 000 000 000 004 020 100 000 000 000 000 000 000 000 000 000 004 020 100
root_84,10,22 16 9 9 9 001 008 040 000 000 000 000 000 000 000 000 000 001 008 040 000 000 000 000 016 000 016 000 000 001 008 040 002 010 080 000 000 000 000 000 000 000 016 000 014 010 080 000 000 000 000 000 000 000 000 000 002 010 080 004 036 100 016 000 000 000 000 000 000 000 000 004 020 100 000 000 000 000 000 000 000 000 000 004 020 100
root_84,10,64 16 9 9 9 001 008 040 000 000 000 000 000 000 000 000 000 001 008 040 000 000 000 000 040 000 040 000 000 001 008 040 002 010 080 000 000 000 000 000 000 000 040 000 042 010 080 000 000 000 000 000 000 000 000 000 002 010 080 004 060 100 040 000 000 000 000 000 000 000 000 004 020 100 000 000 000 000 000 000 000 000 000 004 020 100
root_84,10,86 16 9 9 9 001 008 040 000 000 000 000 000 000 000 000 000 001 008 040 000 000 000 000 056 000 056 000 000 001 008 040 002 010 080 000 000 000 000 000 000 000 056 000 054 010 080 000 000 000 000 000 000 000 000 000 002 010 080 004 076 100 056 000 000 000 000 000 000 000 000 004 020 100 000 000 000 000 000 000 000 000 000 004 020 100
root_84,10,128 16 9 9 9 001 008 040 000 000 000 000 000 000 000 000 000 001 008 040 000 000 000 000 080 000 080 000 000 001 008 040 002 010 080 000 000 000 000 000 000 000 080 000 082 010 080 000 000 000 000 000 000 000 000 000 002 010 080 004 0a0 100 080 000 000 000 000 000 000 000 000 004 020 100 000 000 000 000 000 000 000 000 000 004 020 100
root_84,10,129 16 9 9 9 001 008 040 000 000 000 000 000 000 000 000 000 001 008 040 000 000 000 000 081 000 081 000 000 001 008 040 002 010 080 000 000 000 000 000 000 000 081 000 083 010 080 000 000 000 000 000 000 000 000 000 002 010 080 004 0a1 100 081 000 000 000 000 000 000 000 000 004 020 100 000 000 000 000 000 000 000 000 000 004 020 100
root_84,10,132 16 9 9 9 001 008 040 000 000 000 000 000 000 000 000 000 001 008 040 000 000 000 000 084 000 084 000 000 001 008 040 002 010 080 000 000 000 000 000 000 000 084 000 086 010 080 000 000 000 000 000 000 000 000 000 002 010 080 004 0a4 100 084 000 000 000 000 000 000 000 000 004 020 100 000 000 000 000 000 000 000 000 000 004 020 100
root_84,10,134 16 9 9 9 001 008 040 000 000 000 000 000 000 000 000 000 001 008 040 000 000 000 000 086 000 086 000 000 001 008 040 002 010 080 000 000 000 000 000 000 000 086 000 084 010 080 000 000 000 000 000 000 000 000 000 002 010 080 004 0a6 100 086 000 000 000 000 000 000 000 000 004 020 100 000 000 000 000 000 000 000 000 000 004 020 100
root_84,10,142 16 9 9 9 001 008 040 000 000 000 000 000 000 000 000 000 001 008 040 000 000 000 000 08e 000 08e 000 000 001 008 040 002 010 080 000 000 000 000 000 000 000 08e 000 08c 010 080 000 000 000 000 000 000 000 000 000 002 010 080 004 0ae 100 08e 000 000 000 000 000 000 000 000 004 020 100 000 000 000 000 000 000 000 000 000 004 020 100
