wangd2_lift_table18 19 7 9 9 000 000 000 000 000 000 004 020 100 000 000 000 004 020 100 000 000 000 004 020 100 000 000 000 000 000 000 000 000 000 000 000 000 002 010 080 000 000 000 002 010 080 000 000 000 002 010 080 000 000 000 000 000 000 000 000 000 000 000 000 001 008 040
wangd2_control_table18 18 7 9 9 000 000 000 000 000 000 004 020 100 000 000 000 004 020 100 000 000 000 004 020 100 000 000 000 000 000 000 000 000 000 000 000 000 002 010 080 000 000 000 002 010 080 000 000 000 002 010 080 000 000 000 000 000 000 000 000 000 000 000 000 001 008 040
wangd2_lift_table18 19 7 9 9 000 000 000 000 000 000 004 020 100 000 000 000 004 020 100 000 000 000 004 020 100 000 000 000 000 000 000 000 000 000 000 000 000 002 010 080 000 000 000 002 010 080 000 000 000 002 010 080 001 008 040 000 000 000 000 000 000 000 000 000 001 008 040
wangd2_control_table18 18 7 9 9 000 000 000 000 000 000 004 020 100 000 000 000 004 020 100 000 000 000 004 020 100 000 000 000 000 000 000 000 000 000 000 000 000 002 010 080 000 000 000 002 010 080 000 000 000 002 010 080 001 008 040 000 000 000 000 000 000 000 000 000 001 008 040
wangd2_lift_table18 19 7 9 9 000 000 000 000 000 000 004 020 100 000 000 000 004 020 100 000 000 000 004 020 100 000 000 000 000 000 000 000 000 000 000 000 000 002 010 080 002 010 080 000 000 000 000 000 000 000 000 000 000 000 000 001 008 040 000 000 000 001 008 040 000 000 000
wangd2_control_table18 18 7 9 9 000 000 000 000 000 000 004 020 100 000 000 000 004 020 100 000 000 000 004 020 100 000 000 000 000 000 000 000 000 000 000 000 000 002 010 080 002 010 080 000 000 000 000 000 000 000 000 000 000 000 000 001 008 040 000 000 000 001 008 040 000 000 000
wangd2_lift_table18 19 7 9 9 000 000 000 000 000 000 004 020 100 000 000 000 004 020 100 000 000 000 004 020 100 000 000 000 000 000 000 000 000 000 000 000 000 002 010 080 000 000 000 002 010 080 001 008 040 002 010 080 000 000 000 000 000 000 000 000 000 001 008 040 000 000 000
wangd2_control_table18 18 7 9 9 000 000 000 000 000 000 004 020 100 000 000 000 004 020 100 000 000 000 004 020 100 000 000 000 000 000 000 000 000 000 000 000 000 002 010 080 000 000 000 002 010 080 001 008 040 002 010 080 000 000 000 000 000 000 000 000 000 001 008 040 000 000 000
wangd2_lift_table18 19 7 9 9 000 000 000 000 000 000 004 020 100 000 000 000 004 020 100 000 000 000 004 020 100 000 000 000 001 008 040 000 000 000 000 000 000 002 010 080 000 000 000 002 010 080 001 008 040 002 010 080 000 000 000 000 000 000 000 000 000 001 008 040 000 000 000
wangd2_control_table18 18 7 9 9 000 000 000 000 000 000 004 020 100 000 000 000 004 020 100 000 000 000 004 020 100 000 000 000 001 008 040 000 000 000 000 000 000 002 010 080 000 000 000 002 010 080 001 008 040 002 010 080 000 000 000 000 000 000 000 000 000 001 008 040 000 000 000
wangd2_lift_table18 19 7 9 9 000 000 000 000 000 000 004 020 100 000 000 000 004 020 100 002 010 080 004 020 100 000 000 000 000 000 000 000 000 000 002 010 080 000 000 000 002 010 080 000 000 000 000 000 000 000 000 000 000 000 000 001 008 040 000 000 000 001 008 040 000 000 000
wangd2_control_table18 18 7 9 9 000 000 000 000 000 000 004 020 100 000 000 000 004 020 100 002 010 080 004 020 100 000 000 000 000 000 000 000 000 000 002 010 080 000 000 000 002 010 080 000 000 000 000 000 000 000 000 000 000 000 000 001 008 040 000 000 000 001 008 040 000 000 000
wangd2_lift_table19 20 7 9 9 000 000 000 000 000 000 004 020 100 000 000 000 004 020 100 000 000 000 004 020 100 000 000 000 000 000 000 000 000 000 000 000 000 002 010 080 001 008 040 002 010 080 000 000 000 003 018 0c0 001 008 040 000 000 000 000 000 000 000 000 000 001 008 040
wangd2_control_table19 19 7 9 9 000 000 000 000 000 000 004 020 100 000 000 000 004 020 100 000 000 000 004 020 100 000 000 000 000 000 000 000 000 000 000 000 000 002 010 080 001 008 040 002 010 080 000 000 000 003 018 0c0 001 008 040 000 000 000 000 000 000 000 000 000 001 008 040
wangd2_lift_table19 20 7 9 9 000 000 000 000 000 000 004 020 100 000 000 000 004 020 100 000 000 000 004 020 100 000 000 000 000 000 000 000 000 000 000 000 000 002 010 080 000 000 000 002 010 080 001 008 040 002 010 080 001 008 040 000 000 000 001 008 040 000 000 000 000 000 000
wangd2_control_table19 19 7 9 9 000 000 000 000 000 000 004 020 100 000 000 000 004 020 100 000 000 000 004 020 100 000 000 000 000 000 000 000 000 000 000 000 000 002 010 080 000 000 000 002 010 080 001 008 040 002 010 080 001 008 040 000 000 000 001 008 040 000 000 000 000 000 000
wangd2_lift_table19 20 7 9 9 000 000 000 000 000 000 004 020 100 000 000 000 004 020 100 000 000 000 004 020 100 000 000 000 001 008 040 000 000 000 000 000 000 002 010 080 000 000 000 002 010 080 000 000 000 002 010 080 001 008 040 000 000 000 001 008 040 000 000 000 000 000 000
wangd2_control_table19 19 7 9 9 000 000 000 000 000 000 004 020 100 000 000 000 004 020 100 000 000 000 004 020 100 000 000 000 001 008 040 000 000 000 000 000 000 002 010 080 000 000 000 002 010 080 000 000 000 002 010 080 001 008 040 000 000 000 001 008 040 000 000 000 000 000 000
wangd2_lift_table19 20 7 9 9 000 000 000 000 000 000 004 020 100 000 000 000 004 020 100 000 000 000 004 020 100 000 000 000 001 008 040 000 000 000 000 000 000 002 010 080 000 000 000 002 010 080 001 008 040 002 010 080 001 008 040 000 000 000 001 008 040 000 000 000 000 000 000
wangd2_control_table19 19 7 9 9 000 000 000 000 000 000 004 020 100 000 000 000 004 020 100 000 000 000 004 020 100 000 000 000 001 008 040 000 000 000 000 000 000 002 010 080 000 000 000 002 010 080 001 008 040 002 010 080 001 008 040 000 000 000 001 008 040 000 000 000 000 000 000
wangd2_lift_table19 20 7 9 9 000 000 000 000 000 000 004 020 100 000 000 000 004 020 100 000 000 000 004 020 100 000 000 000 002 010 080 000 000 000 002 010 080 000 000 000 002 010 080 001 008 040 000 000 000 000 000 000 000 000 000 001 008 040 001 008 040 000 000 000 000 000 000
wangd2_control_table19 19 7 9 9 000 000 000 000 000 000 004 020 100 000 000 000 004 020 100 000 000 000 004 020 100 000 000 000 002 010 080 000 000 000 002 010 080 000 000 000 002 010 080 001 008 040 000 000 000 000 000 000 000 000 000 001 008 040 001 008 040 000 000 000 000 000 000
wangd2_lift_table19 20 7 9 9 002 010 080 001 008 040 004 020 100 000 000 000 004 020 100 000 000 000 004 020 100 000 000 000 000 000 000 000 000 000 000 000 000 002 010 080 000 000 000 002 010 080 000 000 000 000 000 000 000 000 000 001 008 040 001 008 040 000 000 000 000 000 000
wangd2_control_table19 19 7 9 9 002 010 080 001 008 040 004 020 100 000 000 000 004 020 100 000 000 000 004 020 100 000 000 000 000 000 000 000 000 000 000 000 000 002 010 080 000 000 000 002 010 080 000 000 000 000 000 000 000 000 000 001 008 040 001 008 040 000 000 000 000 000 000
wangd2_lift_table19 20 7 9 9 001 008 040 000 000 000 004 020 100 000 000 000 004 020 100 000 000 000 004 020 100 000 000 000 000 000 000 000 000 000 000 000 000 002 010 080 001 008 040 002 010 080 000 000 000 003 018 0c0 001 008 040 000 000 000 000 000 000 000 000 000 001 008 040
wangd2_control_table19 19 7 9 9 001 008 040 000 000 000 004 020 100 000 000 000 004 020 100 000 000 000 004 020 100 000 000 000 000 000 000 000 000 000 000 000 000 002 010 080 001 008 040 002 010 080 000 000 000 003 018 0c0 001 008 040 000 000 000 000 000 000 000 000 000 001 008 040
wangd2_lift_table19 20 7 9 9 000 000 000 000 000 000 004 020 100 001 008 040 004 020 100 000 000 000 004 020 100 000 000 000 001 008 040 001 008 040 000 000 000 002 010 080 000 000 000 002 010 080 001 008 040 002 010 080 000 000 000 000 000 000 001 008 040 001 008 040 000 000 000
wangd2_control_table19 19 7 9 9 000 000 000 000 000 000 004 020 100 001 008 040 004 020 100 000 000 000 004 020 100 000 000 000 001 008 040 001 008 040 000 000 000 002 010 080 000 000 000 002 010 080 001 008 040 002 010 080 000 000 000 000 000 000 001 008 040 001 008 040 000 000 000
wangd3_lift_table15 16 6 9 9 000 000 000 000 000 000 004 020 100 000 000 000 004 020 100 000 000 000 004 020 100 000 000 000 000 000 000 000 000 000 000 000 000 002 010 080 000 000 000 002 010 080 000 000 000 002 010 080 000 000 000 000 000 000
wangd3_control_table15 15 6 9 9 000 000 000 000 000 000 004 020 100 000 000 000 004 020 100 000 000 000 004 020 100 000 000 000 000 000 000 000 000 000 000 000 000 002 010 080 000 000 000 002 010 080 000 000 000 002 010 080 000 000 000 000 000 000
wangd3_lift_table16 17 6 9 9 000 000 000 000 000 000 004 020 100 000 000 000 004 020 100 000 000 000 004 020 100 000 000 000 000 000 000 000 000 000 000 000 000 002 010 080 000 000 000 002 010 080 000 000 000 000 000 000 000 000 000 001 008 040
wangd3_control_table16 16 6 9 9 000 000 000 000 000 000 004 020 100 000 000 000 004 020 100 000 000 000 004 020 100 000 000 000 000 000 000 000 000 000 000 000 000 002 010 080 000 000 000 002 010 080 000 000 000 000 000 000 000 000 000 001 008 040
wangd3_lift_table17 18 6 9 9 000 000 000 000 000 000 004 020 100 000 000 000 004 020 100 000 000 000 004 020 100 000 000 000 000 000 000 000 000 000 000 000 000 002 010 080 000 000 000 002 010 080 000 000 000 002 010 080 000 000 000 001 008 040
wangd3_control_table17 17 6 9 9 000 000 000 000 000 000 004 020 100 000 000 000 004 020 100 000 000 000 004 020 100 000 000 000 000 000 000 000 000 000 000 000 000 002 010 080 000 000 000 002 010 080 000 000 000 002 010 080 000 000 000 001 008 040
wangd3_lift_table16 17 6 9 9 000 000 000 000 000 000 004 020 100 000 000 000 004 020 100 000 000 000 004 020 100 000 000 000 000 000 000 000 000 000 002 010 080 000 000 000 002 010 080 000 000 000 000 000 000 000 000 000 000 000 000 001 008 040
wangd3_control_table16 16 6 9 9 000 000 000 000 000 000 004 020 100 000 000 000 004 020 100 000 000 000 004 020 100 000 000 000 000 000 000 000 000 000 002 010 080 000 000 000 002 010 080 000 000 000 000 000 000 000 000 000 000 000 000 001 008 040
wangd3_lift_table17 18 6 9 9 000 000 000 000 000 000 004 020 100 000 000 000 004 020 100 000 000 000 004 020 100 002 010 080 000 000 000 000 000 000 000 000 000 002 010 080 002 010 080 000 000 000 000 000 000 000 000 000 000 000 000 001 008 040
wangd3_control_table17 17 6 9 9 000 000 000 000 000 000 004 020 100 000 000 000 004 020 100 000 000 000 004 020 100 002 010 080 000 000 000 000 000 000 000 000 000 002 010 080 002 010 080 000 000 000 000 000 000 000 000 000 000 000 000 001 008 040
wangd3_lift_table17 18 6 9 9 000 000 000 000 000 000 004 020 100 000 000 000 004 020 100 000 000 000 004 020 100 000 000 000 001 008 040 000 000 000 000 000 000 002 010 080 000 000 000 002 010 080 001 008 040 002 010 080 000 000 000 000 000 000
wangd3_control_table17 17 6 9 9 000 000 000 000 000 000 004 020 100 000 000 000 004 020 100 000 000 000 004 020 100 000 000 000 001 008 040 000 000 000 000 000 000 002 010 080 000 000 000 002 010 080 001 008 040 002 010 080 000 000 000 000 000 000
wangd3_lift_table17 18 6 9 9 000 000 000 000 000 000 004 020 100 000 000 000 004 020 100 000 000 000 004 020 100 000 000 000 002 010 080 000 000 000 002 010 080 000 000 000 002 010 080 000 000 000 000 000 000 000 000 000 000 000 000 001 008 040
wangd3_control_table17 17 6 9 9 000 000 000 000 000 000 004 020 100 000 000 000 004 020 100 000 000 000 004 020 100 000 000 000 002 010 080 000 000 000 002 010 080 000 000 000 002 010 080 000 000 000 000 000 000 000 000 000 000 000 000 001 008 040
wangd3_lift_table17 18 6 9 9 000 000 000 000 000 000 004 020 100 000 000 000 004 020 100 000 000 000 004 020 100 000 000 000 000 000 000 000 000 000 000 000 000 002 010 080 002 010 080 001 008 040 000 000 000 000 000 000 000 000 000 001 008 040
wangd3_control_table17 17 6 9 9 000 000 000 000 000 000 004 020 100 000 000 000 004 020 100 000 000 000 004 020 100 000 000 000 000 000 000 000 000 000 000 000 000 002 010 080 002 010 080 001 008 040 000 000 000 000 000 000 000 000 000 001 008 040
wangd3_lift_table18 19 6 9 9 000 000 000 000 000 000 004 020 100 000 000 000 004 020 100 000 000 000 004 020 100 000 000 000 000 000 000 000 000 000 000 000 000 002 010 080 000 000 000 002 010 080 001 008 040 002 010 080 001 008 040 000 000 000
wangd3_control_table18 18 6 9 9 000 000 000 000 000 000 004 020 100 000 000 000 004 020 100 000 000 000 004 020 100 000 000 000 000 000 000 000 000 000 000 000 000 002 010 080 000 000 000 002 010 080 001 008 040 002 010 080 001 008 040 000 000 000
wangd3_lift_table17 18 6 9 9 000 000 000 000 000 000 004 020 100 000 000 000 004 020 100 000 000 000 004 020 100 000 000 000 000 000 000 000 000 000 002 010 080 000 000 000 002 010 080 001 008 040 000 000 000 000 000 000 000 000 000 001 008 040
wangd3_control_table17 17 6 9 9 000 000 000 000 000 000 004 020 100 000 000 000 004 020 100 000 000 000 004 020 100 000 000 000 000 000 000 000 000 000 002 010 080 000 000 000 002 010 080 001 008 040 000 000 000 000 000 000 000 000 000 001 008 040
wangd3_lift_table18 19 6 9 9 000 000 000 000 000 000 004 020 100 000 000 000 004 020 100 000 000 000 004 020 100 000 000 000 001 008 040 000 000 000 000 000 000 002 010 080 000 000 000 002 010 080 000 000 000 002 010 080 001 008 040 000 000 000
wangd3_control_table18 18 6 9 9 000 000 000 000 000 000 004 020 100 000 000 000 004 020 100 000 000 000 004 020 100 000 000 000 001 008 040 000 000 000 000 000 000 002 010 080 000 000 000 002 010 080 000 000 000 002 010 080 001 008 040 000 000 000
wangd3_lift_table17 18 6 9 9 000 000 000 000 000 000 004 020 100 000 000 000 004 020 100 000 000 000 004 020 100 000 000 000 001 008 040 000 000 000 000 000 000 002 010 080 000 000 000 002 010 080 001 008 040 002 010 080 001 008 040 000 000 000
wangd3_control_table17 17 6 9 9 000 000 000 000 000 000 004 020 100 000 000 000 004 020 100 000 000 000 004 020 100 000 000 000 001 008 040 000 000 000 000 000 000 002 010 080 000 000 000 002 010 080 001 008 040 002 010 080 001 008 040 000 000 000
wangd3_lift_table18 19 6 9 9 000 000 000 000 000 000 004 020 100 000 000 000 004 020 100 000 000 000 004 020 100 000 000 000 002 010 080 000 000 000 002 010 080 000 000 000 002 010 080 001 008 040 000 000 000 000 000 000 000 000 000 001 008 040
wangd3_control_table18 18 6 9 9 000 000 000 000 000 000 004 020 100 000 000 000 004 020 100 000 000 000 004 020 100 000 000 000 002 010 080 000 000 000 002 010 080 000 000 000 002 010 080 001 008 040 000 000 000 000 000 000 000 000 000 001 008 040
wangd3_lift_table18 19 6 9 9 000 000 000 000 000 000 004 020 100 000 000 000 004 020 100 002 010 080 004 020 100 000 000 000 000 000 000 000 000 000 002 010 080 000 000 000 002 010 080 001 008 040 000 000 000 000 000 000 000 000 000 001 008 040
wangd3_control_table18 18 6 9 9 000 000 000 000 000 000 004 020 100 000 000 000 004 020 100 002 010 080 004 020 100 000 000 000 000 000 000 000 000 000 002 010 080 000 000 000 002 010 080 001 008 040 000 000 000 000 000 000 000 000 000 001 008 040
wangd3_lift_table17 18 6 9 9 000 000 000 004 020 100 000 000 000 004 020 100 000 000 000 000 000 000 000 000 000 000 000 000 002 010 080 000 000 000 002 010 080 000 000 000 002 010 080 001 008 040 000 000 000 000 000 000 000 000 000 001 008 040
wangd3_control_table17 17 6 9 9 000 000 000 004 020 100 000 000 000 004 020 100 000 000 000 000 000 000 000 000 000 000 000 000 002 010 080 000 000 000 002 010 080 000 000 000 002 010 080 001 008 040 000 000 000 000 000 000 000 000 000 001 008 040
wangd3_lift_table18 19 6 9 9 002 010 080 001 008 040 004 020 100 000 000 000 004 020 100 000 000 000 004 020 100 000 000 000 000 000 000 000 000 000 000 000 000 002 010 080 000 000 000 002 010 080 000 000 000 000 000 000 000 000 000 001 008 040
wangd3_control_table18 18 6 9 9 002 010 080 001 008 040 004 020 100 000 000 000 004 020 100 000 000 000 004 020 100 000 000 000 000 000 000 000 000 000 000 000 000 002 010 080 000 000 000 002 010 080 000 000 000 000 000 000 000 000 000 001 008 040
wangd3_lift_table18 19 6 9 9 000 000 000 002 010 080 004 020 100 000 000 000 004 020 100 000 000 000 004 020 100 000 000 000 000 000 000 000 000 000 000 000 000 002 010 080 002 010 080 001 008 040 000 000 000 000 000 000 000 000 000 001 008 040
wangd3_control_table18 18 6 9 9 000 000 000 002 010 080 004 020 100 000 000 000 004 020 100 000 000 000 004 020 100 000 000 000 000 000 000 000 000 000 000 000 000 002 010 080 002 010 080 001 008 040 000 000 000 000 000 000 000 000 000 001 008 040
wangd3_lift_table17 18 6 9 9 000 000 000 000 000 000 004 020 100 000 000 000 004 020 100 000 000 000 004 020 100 000 000 000 000 000 000 000 000 000 000 000 000 003 018 0c0 002 010 080 000 000 000 000 000 000 000 000 000 001 008 040 000 000 000
wangd3_control_table17 17 6 9 9 000 000 000 000 000 000 004 020 100 000 000 000 004 020 100 000 000 000 004 020 100 000 000 000 000 000 000 000 000 000 000 000 000 003 018 0c0 002 010 080 000 000 000 000 000 000 000 000 000 001 008 040 000 000 000
wangd3_lift_table17 18 6 9 9 000 000 000 000 000 000 004 020 100 000 000 000 004 020 100 000 000 000 004 020 100 000 000 000 002 010 080 002 010 080 000 000 000 000 000 000 000 000 000 000 000 000 001 008 040 000 000 000 001 008 040 000 000 000
wangd3_control_table17 17 6 9 9 000 000 000 000 000 000 004 020 100 000 000 000 004 020 100 000 000 000 004 020 100 000 000 000 002 010 080 002 010 080 000 000 000 000 000 000 000 000 000 000 000 000 001 008 040 000 000 000 001 008 040 000 000 000
wangd3_lift_table17 18 6 9 9 000 000 000 000 000 000 004 020 100 000 000 000 004 020 100 000 000 000 004 020 100 001 008 040 000 000 000 000 000 000 001 008 040 002 010 080 002 010 080 000 000 000 000 000 000 000 000 000 000 000 000 001 008 040
wangd3_control_table17 17 6 9 9 000 000 000 000 000 000 004 020 100 000 000 000 004 020 100 000 000 000 004 020 100 001 008 040 000 000 000 000 000 000 001 008 040 002 010 080 002 010 080 000 000 000 000 000 000 000 000 000 000 000 000 001 008 040
wangd3_lift_table17 18 6 9 9 000 000 000 000 000 000 004 020 100 000 000 000 004 020 100 000 000 000 004 020 100 000 000 000 001 008 040 000 000 000 000 000 000 003 018 0c0 002 010 080 000 000 000 000 000 000 000 000 000 001 008 040 000 000 000
wangd3_control_table17 17 6 9 9 000 000 000 000 000 000 004 020 100 000 000 000 004 020 100 000 000 000 004 020 100 000 000 000 001 008 040 000 000 000 000 000 000 003 018 0c0 002 010 080 000 000 000 000 000 000 000 000 000 001 008 040 000 000 000
wangd3_lift_table17 18 6 9 9 000 000 000 000 000 000 004 020 100 000 000 000 004 020 100 001 008 040 004 020 100 000 000 000 001 008 040 000 000 000 000 000 000 003 018 0c0 002 010 080 000 000 000 000 000 000 000 000 000 001 008 040 000 000 000
wangd3_control_table17 17 6 9 9 000 000 000 000 000 000 004 020 100 000 000 000 004 020 100 001 008 040 004 020 100 000 000 000 001 008 040 000 000 000 000 000 000 003 018 0c0 002 010 080 000 000 000 000 000 000 000 000 000 001 008 040 000 000 000
wangd3_lift_table16 17 6 9 9 000 000 000 004 020 100 000 000 000 004 020 100 000 000 000 000 000 000 000 000 000 000 000 000 002 010 080 002 010 080 000 000 000 000 000 000 000 000 000 000 000 000 001 008 040 000 000 000 001 008 040 000 000 000
wangd3_control_table16 16 6 9 9 000 000 000 004 020 100 000 000 000 004 020 100 000 000 000 000 000 000 000 000 000 000 000 000 002 010 080 002 010 080 000 000 000 000 000 000 000 000 000 000 000 000 001 008 040 000 000 000 001 008 040 000 000 000
wangd3_lift_table17 18 6 9 9 000 000 000 001 008 040 004 020 100 000 000 000 004 020 100 000 000 000 004 020 100 000 000 000 000 000 000 000 000 000 000 000 000 002 010 080 002 010 080 000 000 000 000 000 000 000 000 000 000 000 000 001 008 040
wangd3_control_table17 17 6 9 9 000 000 000 001 008 040 004 020 100 000 000 000 004 020 100 000 000 000 004 020 100 000 000 000 000 000 000 000 000 000 000 000 000 002 010 080 002 010 080 000 000 000 000 000 000 000 000 000 000 000 000 001 008 040
wangd3_lift_table17 18 6 9 9 000 000 000 001 008 040 004 020 100 000 000 000 004 020 100 000 000 000 004 020 100 000 000 000 000 000 000 000 000 000 000 000 000 002 010 080 002 010 080 001 008 040 000 000 000 000 000 000 000 000 000 001 008 040
wangd3_control_table17 17 6 9 9 000 000 000 001 008 040 004 020 100 000 000 000 004 020 100 000 000 000 004 020 100 000 000 000 000 000 000 000 000 000 000 000 000 002 010 080 002 010 080 001 008 040 000 000 000 000 000 000 000 000 000 001 008 040
wangd3_lift_table18 19 6 9 9 000 000 000 000 000 000 004 020 100 000 000 000 004 020 100 000 000 000 004 020 100 000 000 000 000 000 000 000 000 000 001 008 040 002 010 080 000 000 000 003 018 0c0 001 008 040 002 010 080 000 000 000 000 000 000
wangd3_control_table18 18 6 9 9 000 000 000 000 000 000 004 020 100 000 000 000 004 020 100 000 000 000 004 020 100 000 000 000 000 000 000 000 000 000 001 008 040 002 010 080 000 000 000 003 018 0c0 001 008 040 002 010 080 000 000 000 000 000 000
wangd3_lift_table18 19 6 9 9 000 000 000 000 000 000 004 020 100 000 000 000 004 020 100 000 000 000 004 020 100 000 000 000 002 010 080 000 000 000 002 010 080 001 008 040 002 010 080 000 000 000 000 000 000 000 000 000 001 008 040 000 000 000
wangd3_control_table18 18 6 9 9 000 000 000 000 000 000 004 020 100 000 000 000 004 020 100 000 000 000 004 020 100 000 000 000 002 010 080 000 000 000 002 010 080 001 008 040 002 010 080 000 000 000 000 000 000 000 000 000 001 008 040 000 000 000
wangd3_lift_table17 18 6 9 9 000 000 000 000 000 000 004 020 100 000 000 000 004 020 100 000 000 000 004 020 100 002 010 080 001 008 040 000 000 000 002 010 080 003 018 0c0 002 010 080 000 000 000 000 000 000 000 000 000 001 008 040 000 000 000
wangd3_control_table17 17 6 9 9 000 000 000 000 000 000 004 020 100 000 000 000 004 020 100 000 000 000 004 020 100 002 010 080 001 008 040 000 000 000 002 010 080 003 018 0c0 002 010 080 000 000 000 000 000 000 000 000 000 001 008 040 000 000 000
wangd3_lift_table18 19 6 9 9 000 000 000 000 000 000 004 020 100 000 000 000 004 020 100 000 000 000 004 020 100 001 008 040 000 000 000 000 000 000 001 008 040 002 010 080 000 000 000 003 018 0c0 001 008 040 002 010 080 000 000 000 000 000 000
wangd3_control_table18 18 6 9 9 000 000 000 000 000 000 004 020 100 000 000 000 004 020 100 000 000 000 004 020 100 001 008 040 000 000 000 000 000 000 001 008 040 002 010 080 000 000 000 003 018 0c0 001 008 040 002 010 080 000 000 000 000 000 000
wangd3_lift_table17 18 6 9 9 000 000 000 000 000 000 004 020 100 000 000 000 004 020 100 002 010 080 004 020 100 000 000 000 000 000 000 000 000 000 002 010 080 001 008 040 002 010 080 000 000 000 000 000 000 000 000 000 001 008 040 000 000 000
wangd3_control_table17 17 6 9 9 000 000 000 000 000 000 004 020 100 000 000 000 004 020 100 002 010 080 004 020 100 000 000 000 000 000 000 000 000 000 002 010 080 001 008 040 002 010 080 000 000 000 000 000 000 000 000 000 001 008 040 000 000 000
wangd3_lift_table17 18 6 9 9 000 000 000 000 000 000 004 020 100 000 000 000 004 020 100 002 010 080 004 020 100 000 000 000 002 010 080 000 000 000 002 010 080 001 008 040 002 010 080 000 000 000 000 000 000 000 000 000 001 008 040 000 000 000
wangd3_control_table17 17 6 9 9 000 000 000 000 000 000 004 020 100 000 000 000 004 020 100 002 010 080 004 020 100 000 000 000 002 010 080 000 000 000 002 010 080 001 008 040 002 010 080 000 000 000 000 000 000 000 000 000 001 008 040 000 000 000
wangd3_lift_table18 19 6 9 9 000 000 000 001 008 040 004 020 100 000 000 000 004 020 100 000 000 000 004 020 100 000 000 000 000 000 000 000 000 000 000 000 000 002 010 080 000 000 000 002 010 080 001 008 040 002 010 080 000 000 000 000 000 000
wangd3_control_table18 18 6 9 9 000 000 000 001 008 040 004 020 100 000 000 000 004 020 100 000 000 000 004 020 100 000 000 000 000 000 000 000 000 000 000 000 000 002 010 080 000 000 000 002 010 080 001 008 040 002 010 080 000 000 000 000 000 000
wangd3_lift_table17 18 6 9 9 002 010 080 000 000 000 004 020 100 000 000 000 004 020 100 000 000 000 004 020 100 000 000 000 000 000 000 000 000 000 000 000 000 002 010 080 000 000 000 002 010 080 001 008 040 000 000 000 001 008 040 000 000 000
wangd3_control_table17 17 6 9 9 002 010 080 000 000 000 004 020 100 000 000 000 004 020 100 000 000 000 004 020 100 000 000 000 000 000 000 000 000 000 000 000 000 002 010 080 000 000 000 002 010 080 001 008 040 000 000 000 001 008 040 000 000 000
wangd3_lift_table18 19 6 9 9 000 000 000 001 008 040 004 020 100 000 000 000 004 020 100 000 000 000 004 020 100 000 000 000 000 000 000 000 000 000 000 000 000 002 010 080 000 000 000 002 010 080 001 008 040 002 010 080 001 008 040 000 000 000
wangd3_control_table18 18 6 9 9 000 000 000 001 008 040 004 020 100 000 000 000 004 020 100 000 000 000 004 020 100 000 000 000 000 000 000 000 000 000 000 000 000 002 010 080 000 000 000 002 010 080 001 008 040 002 010 080 001 008 040 000 000 000
wangd3_lift_table17 18 6 9 9 000 000 000 000 000 000 004 020 100 000 000 000 004 020 100 002 010 080 004 020 100 000 000 000 001 008 040 000 000 000 002 010 080 001 008 040 002 010 080 000 000 000 000 000 000 000 000 000 001 008 040 000 000 000
wangd3_control_table17 17 6 9 9 000 000 000 000 000 000 004 020 100 000 000 000 004 020 100 002 010 080 004 020 100 000 000 000 001 008 040 000 000 000 002 010 080 001 008 040 002 010 080 000 000 000 000 000 000 000 000 000 001 008 040 000 000 000
wangd3_lift_table18 19 6 9 9 000 000 000 001 008 040 004 020 100 000 000 000 004 020 100 000 000 000 004 020 100 000 000 000 001 008 040 000 000 000 000 000 000 002 010 080 000 000 000 002 010 080 001 008 040 002 010 080 001 008 040 000 000 000
wangd3_control_table18 18 6 9 9 000 000 000 001 008 040 004 020 100 000 000 000 004 020 100 000 000 000 004 020 100 000 000 000 001 008 040 000 000 000 000 000 000 002 010 080 000 000 000 002 010 080 001 008 040 002 010 080 001 008 040 000 000 000
wangd3_lift_table17 18 6 9 9 000 000 000 002 010 080 004 020 100 000 000 000 006 030 180 002 010 080 004 020 100 000 000 000 000 000 000 002 010 080 000 000 000 000 000 000 000 000 000 000 000 000 001 008 040 000 000 000 001 008 040 000 000 000
wangd3_control_table17 17 6 9 9 000 000 000 002 010 080 004 020 100 000 000 000 006 030 180 002 010 080 004 020 100 000 000 000 000 000 000 002 010 080 000 000 000 000 000 000 000 000 000 000 000 000 001 008 040 000 000 000 001 008 040 000 000 000
wangd3_lift_table18 19 6 9 9 000 000 000 001 008 040 004 020 100 000 000 000 005 028 140 002 010 080 004 020 100 000 000 000 000 000 000 000 000 000 003 018 0c0 000 000 000 002 010 080 000 000 000 000 000 000 000 000 000 000 000 000 001 008 040
wangd3_control_table18 18 6 9 9 000 000 000 001 008 040 004 020 100 000 000 000 005 028 140 002 010 080 004 020 100 000 000 000 000 000 000 000 000 000 003 018 0c0 000 000 000 002 010 080 000 000 000 000 000 000 000 000 000 000 000 000 001 008 040
wangd3_lift_table17 18 6 9 9 000 000 000 001 008 040 004 020 100 000 000 000 005 028 140 002 010 080 004 020 100 000 000 000 000 000 000 000 000 000 003 018 0c0 000 000 000 002 010 080 001 008 040 000 000 000 000 000 000 000 000 000 001 008 040
wangd3_control_table17 17 6 9 9 000 000 000 001 008 040 004 020 100 000 000 000 005 028 140 002 010 080 004 020 100 000 000 000 000 000 000 000 000 000 003 018 0c0 000 000 000 002 010 080 001 008 040 000 000 000 000 000 000 000 000 000 001 008 040
wangd3_lift_table17 18 6 9 9 000 000 000 000 000 000 005 028 140 000 000 000 004 020 100 003 018 0c0 004 020 100 000 000 000 000 000 000 000 000 000 002 010 080 001 008 040 002 010 080 000 000 000 001 008 040 000 000 000 001 008 040 000 000 000
wangd3_control_table17 17 6 9 9 000 000 000 000 000 000 005 028 140 000 000 000 004 020 100 003 018 0c0 004 020 100 000 000 000 000 000 000 000 000 000 002 010 080 001 008 040 002 010 080 000 000 000 001 008 040 000 000 000 001 008 040 000 000 000
wangd3_lift_table18 19 6 9 9 000 000 000 000 000 000 004 020 100 000 000 000 004 020 100 000 000 000 004 020 100 000 000 000 001 008 040 000 000 000 000 000 000 002 010 080 001 008 040 002 010 080 000 000 000 003 018 0c0 001 008 040 000 000 000
wangd3_control_table18 18 6 9 9 000 000 000 000 000 000 004 020 100 000 000 000 004 020 100 000 000 000 004 020 100 000 000 000 001 008 040 000 000 000 000 000 000 002 010 080 001 008 040 002 010 080 000 000 000 003 018 0c0 001 008 040 000 000 000
wangd3_lift_table18 19 6 9 9 003 018 0c0 001 008 040 004 020 100 000 000 000 004 020 100 000 000 000 004 020 100 000 000 000 000 000 000 000 000 000 000 000 000 002 010 080 002 010 080 003 018 0c0 000 000 000 000 000 000 000 000 000 001 008 040
wangd3_control_table18 18 6 9 9 003 018 0c0 001 008 040 004 020 100 000 000 000 004 020 100 000 000 000 004 020 100 000 000 000 000 000 000 000 000 000 000 000 000 002 010 080 002 010 080 003 018 0c0 000 000 000 000 000 000 000 000 000 001 008 040
wangd3_lift_table18 19 6 9 9 000 000 000 000 000 000 004 020 100 000 000 000 004 020 100 000 000 000 004 020 100 000 000 000 000 000 000 001 008 040 000 000 000 002 010 080 000 000 000 002 010 080 001 008 040 003 018 0c0 001 008 040 000 000 000
wangd3_control_table18 18 6 9 9 000 000 000 000 000 000 004 020 100 000 000 000 004 020 100 000 000 000 004 020 100 000 000 000 000 000 000 001 008 040 000 000 000 002 010 080 000 000 000 002 010 080 001 008 040 003 018 0c0 001 008 040 000 000 000
wangd3_lift_table18 19 6 9 9 000 000 000 000 000 000 004 020 100 000 000 000 004 020 100 000 000 000 004 020 100 002 010 080 001 008 040 000 000 000 000 000 000 002 010 080 002 010 080 001 008 040 000 000 000 001 008 040 000 000 000 000 000 000
wangd3_control_table18 18 6 9 9 000 000 000 000 000 000 004 020 100 000 000 000 004 020 100 000 000 000 004 020 100 002 010 080 001 008 040 000 000 000 000 000 000 002 010 080 002 010 080 001 008 040 000 000 000 001 008 040 000 000 000 000 000 000
wangd3_lift_table18 19 6 9 9 000 000 000 000 000 000 004 020 100 000 000 000 004 020 100 000 000 000 004 020 100 000 000 000 002 010 080 000 000 000 002 010 080 001 008 040 002 010 080 001 008 040 000 000 000 001 008 040 000 000 000 000 000 000
wangd3_control_table18 18 6 9 9 000 000 000 000 000 000 004 020 100 000 000 000 004 020 100 000 000 000 004 020 100 000 000 000 002 010 080 000 000 000 002 010 080 001 008 040 002 010 080 001 008 040 000 000 000 001 008 040 000 000 000 000 000 000
wangd3_lift_table18 19 6 9 9 000 000 000 000 000 000 004 020 100 001 008 040 004 020 100 000 000 000 004 020 100 000 000 000 000 000 000 000 000 000 000 000 000 002 010 080 000 000 000 002 010 080 001 008 040 002 010 080 001 008 040 000 000 000
wangd3_control_table18 18 6 9 9 000 000 000 000 000 000 004 020 100 001 008 040 004 020 100 000 000 000 004 020 100 000 000 000 000 000 000 000 000 000 000 000 000 002 010 080 000 000 000 002 010 080 001 008 040 002 010 080 001 008 040 000 000 000
wangd3_lift_table18 19 6 9 9 000 000 000 000 000 000 004 020 100 001 008 040 004 020 100 000 000 000 004 020 100 000 000 000 000 000 000 001 008 040 000 000 000 002 010 080 000 000 000 002 010 080 001 008 040 002 010 080 001 008 040 000 000 000
wangd3_control_table18 18 6 9 9 000 000 000 000 000 000 004 020 100 001 008 040 004 020 100 000 000 000 004 020 100 000 000 000 000 000 000 001 008 040 000 000 000 002 010 080 000 000 000 002 010 080 001 008 040 002 010 080 001 008 040 000 000 000
wangd3_lift_table18 19 6 9 9 001 008 040 000 000 000 004 020 100 001 008 040 004 020 100 000 000 000 005 028 140 000 000 000 000 000 000 000 000 000 000 000 000 002 010 080 000 000 000 002 010 080 001 008 040 002 010 080 001 008 040 000 000 000
wangd3_control_table18 18 6 9 9 001 008 040 000 000 000 004 020 100 001 008 040 004 020 100 000 000 000 005 028 140 000 000 000 000 000 000 000 000 000 000 000 000 002 010 080 000 000 000 002 010 080 001 008 040 002 010 080 001 008 040 000 000 000
wangd3_lift_table18 19 6 9 9 002 010 080 001 008 040 004 020 100 002 010 080 005 028 140 000 000 000 006 030 180 001 008 040 000 000 000 000 000 000 000 000 000 002 010 080 000 000 000 002 010 080 001 008 040 001 008 040 000 000 000 000 000 000
wangd3_control_table18 18 6 9 9 002 010 080 001 008 040 004 020 100 002 010 080 005 028 140 000 000 000 006 030 180 001 008 040 000 000 000 000 000 000 000 000 000 002 010 080 000 000 000 002 010 080 001 008 040 001 008 040 000 000 000 000 000 000
wangd3_lift_table18 19 6 9 9 000 000 000 000 000 000 004 020 100 000 000 000 004 020 100 002 010 080 004 020 100 000 000 000 001 008 040 000 000 000 002 010 080 000 000 000 002 010 080 001 008 040 000 000 000 001 008 040 000 000 000 000 000 000
wangd3_control_table18 18 6 9 9 000 000 000 000 000 000 004 020 100 000 000 000 004 020 100 002 010 080 004 020 100 000 000 000 001 008 040 000 000 000 002 010 080 000 000 000 002 010 080 001 008 040 000 000 000 001 008 040 000 000 000 000 000 000
wangd3_lift_table18 19 6 9 9 000 000 000 000 000 000 004 020 100 001 008 040 004 020 100 000 000 000 004 020 100 000 000 000 001 008 040 001 008 040 000 000 000 002 010 080 000 000 000 002 010 080 000 000 000 002 010 080 001 008 040 000 000 000
wangd3_control_table18 18 6 9 9 000 000 000 000 000 000 004 020 100 001 008 040 004 020 100 000 000 000 004 020 100 000 000 000 001 008 040 001 008 040 000 000 000 002 010 080 000 000 000 002 010 080 000 000 000 002 010 080 001 008 040 000 000 000
wangd3_lift_table18 19 6 9 9 000 000 000 000 000 000 004 020 100 002 010 080 005 028 140 000 000 000 004 020 100 000 000 000 001 008 040 002 010 080 001 008 040 002 010 080 000 000 000 002 010 080 000 000 000 001 008 040 000 000 000 000 000 000
wangd3_control_table18 18 6 9 9 000 000 000 000 000 000 004 020 100 002 010 080 005 028 140 000 000 000 004 020 100 000 000 000 001 008 040 002 010 080 001 008 040 002 010 080 000 000 000 002 010 080 000 000 000 001 008 040 000 000 000 000 000 000
wangd3_lift_table18 19 6 9 9 000 000 000 000 000 000 004 020 100 002 010 080 005 028 140 000 000 000 004 020 100 000 000 000 001 008 040 002 010 080 001 008 040 002 010 080 002 010 080 003 018 0c0 000 000 000 001 008 040 000 000 000 000 000 000
wangd3_control_table18 18 6 9 9 000 000 000 000 000 000 004 020 100 002 010 080 005 028 140 000 000 000 004 020 100 000 000 000 001 008 040 002 010 080 001 008 040 002 010 080 002 010 080 003 018 0c0 000 000 000 001 008 040 000 000 000 000 000 000
wangd3_lift_table18 19 6 9 9 000 000 000 000 000 000 004 020 100 001 008 040 004 020 100 000 000 000 004 020 100 000 000 000 001 008 040 001 008 040 000 000 000 002 010 080 001 008 040 002 010 080 000 000 000 003 018 0c0 001 008 040 000 000 000
wangd3_control_table18 18 6 9 9 000 000 000 000 000 000 004 020 100 001 008 040 004 020 100 000 000 000 004 020 100 000 000 000 001 008 040 001 008 040 000 000 000 002 010 080 001 008 040 002 010 080 000 000 000 003 018 0c0 001 008 040 000 000 000
wangd3_lift_table18 19 6 9 9 000 000 000 000 000 000 004 020 100 000 000 000 006 030 180 000 000 000 004 020 100 002 010 080 001 008 040 000 000 000 002 010 080 002 010 080 002 010 080 001 008 040 000 000 000 001 008 040 000 000 000 000 000 000
wangd3_control_table18 18 6 9 9 000 000 000 000 000 000 004 020 100 000 000 000 006 030 180 000 000 000 004 020 100 002 010 080 001 008 040 000 000 000 002 010 080 002 010 080 002 010 080 001 008 040 000 000 000 001 008 040 000 000 000 000 000 000
wangd3_lift_table18 19 6 9 9 000 000 000 002 010 080 004 020 100 000 000 000 004 020 100 000 000 000 004 020 100 000 000 000 001 008 040 000 000 000 002 010 080 002 010 080 002 010 080 001 008 040 000 000 000 001 008 040 000 000 000 000 000 000
wangd3_control_table18 18 6 9 9 000 000 000 002 010 080 004 020 100 000 000 000 004 020 100 000 000 000 004 020 100 000 000 000 001 008 040 000 000 000 002 010 080 002 010 080 002 010 080 001 008 040 000 000 000 001 008 040 000 000 000 000 000 000
wangd3_lift_table18 19 6 9 9 001 008 040 000 000 000 004 020 100 000 000 000 004 020 100 000 000 000 004 020 100 000 000 000 001 008 040 001 008 040 000 000 000 002 010 080 001 008 040 002 010 080 000 000 000 002 010 080 001 008 040 000 000 000
wangd3_control_table18 18 6 9 9 001 008 040 000 000 000 004 020 100 000 000 000 004 020 100 000 000 000 004 020 100 000 000 000 001 008 040 001 008 040 000 000 000 002 010 080 001 008 040 002 010 080 000 000 000 002 010 080 001 008 040 000 000 000
wangd3_lift_table18 19 6 9 9 000 000 000 000 000 000 004 020 100 001 008 040 004 020 100 000 000 000 004 020 100 000 000 000 001 008 040 001 008 040 000 000 000 002 010 080 000 000 000 002 010 080 001 008 040 003 018 0c0 001 008 040 000 000 000
wangd3_control_table18 18 6 9 9 000 000 000 000 000 000 004 020 100 001 008 040 004 020 100 000 000 000 004 020 100 000 000 000 001 008 040 001 008 040 000 000 000 002 010 080 000 000 000 002 010 080 001 008 040 003 018 0c0 001 008 040 000 000 000
wangd3_lift_table18 19 6 9 9 000 000 000 000 000 000 004 020 100 000 000 000 006 030 180 001 008 040 004 020 100 002 010 080 000 000 000 000 000 000 002 010 080 003 018 0c0 002 010 080 001 008 040 000 000 000 001 008 040 000 000 000 000 000 000
wangd3_control_table18 18 6 9 9 000 000 000 000 000 000 004 020 100 000 000 000 006 030 180 001 008 040 004 020 100 002 010 080 000 000 000 000 000 000 002 010 080 003 018 0c0 002 010 080 001 008 040 000 000 000 001 008 040 000 000 000 000 000 000
wangd3_lift_table18 19 6 9 9 002 010 080 001 008 040 004 020 100 000 000 000 004 020 100 000 000 000 004 020 100 000 000 000 001 008 040 000 000 000 000 000 000 002 010 080 000 000 000 002 010 080 001 008 040 001 008 040 000 000 000 000 000 000
wangd3_control_table18 18 6 9 9 002 010 080 001 008 040 004 020 100 000 000 000 004 020 100 000 000 000 004 020 100 000 000 000 001 008 040 000 000 000 000 000 000 002 010 080 000 000 000 002 010 080 001 008 040 001 008 040 000 000 000 000 000 000
wangd3_lift_table18 19 6 9 9 001 008 040 000 000 000 004 020 100 000 000 000 004 020 100 000 000 000 004 020 100 000 000 000 001 008 040 000 000 000 000 000 000 002 010 080 000 000 000 002 010 080 001 008 040 003 018 0c0 001 008 040 000 000 000
wangd3_control_table18 18 6 9 9 001 008 040 000 000 000 004 020 100 000 000 000 004 020 100 000 000 000 004 020 100 000 000 000 001 008 040 000 000 000 000 000 000 002 010 080 000 000 000 002 010 080 001 008 040 003 018 0c0 001 008 040 000 000 000
wangd3_lift_table18 19 6 9 9 001 008 040 000 000 000 004 020 100 000 000 000 004 020 100 000 000 000 004 020 100 000 000 000 001 008 040 001 008 040 000 000 000 002 010 080 000 000 000 002 010 080 001 008 040 002 010 080 001 008 040 000 000 000
wangd3_control_table18 18 6 9 9 001 008 040 000 000 000 004 020 100 000 000 000 004 020 100 000 000 000 004 020 100 000 000 000 001 008 040 001 008 040 000 000 000 002 010 080 000 000 000 002 010 080 001 008 040 002 010 080 001 008 040 000 000 000
wangd3_lift_table18 19 6 9 9 002 010 080 001 008 040 004 020 100 000 000 000 004 020 100 000 000 000 004 020 100 000 000 000 001 008 040 002 010 080 001 008 040 002 010 080 000 000 000 002 010 080 001 008 040 001 008 040 000 000 000 000 000 000
wangd3_control_table18 18 6 9 9 002 010 080 001 008 040 004 020 100 000 000 000 004 020 100 000 000 000 004 020 100 000 000 000 001 008 040 002 010 080 001 008 040 002 010 080 000 000 000 002 010 080 001 008 040 001 008 040 000 000 000 000 000 000
wangd3_lift_table18 19 6 9 9 001 008 040 000 000 000 004 020 100 000 000 000 004 020 100 000 000 000 005 028 140 000 000 000 001 008 040 001 008 040 000 000 000 002 010 080 001 008 040 002 010 080 001 008 040 002 010 080 001 008 040 000 000 000
wangd3_control_table18 18 6 9 9 001 008 040 000 000 000 004 020 100 000 000 000 004 020 100 000 000 000 005 028 140 000 000 000 001 008 040 001 008 040 000 000 000 002 010 080 001 008 040 002 010 080 001 008 040 002 010 080 001 008 040 000 000 000
wangd3_lift_table18 19 6 9 9 002 010 080 001 008 040 004 020 100 000 000 000 004 020 100 000 000 000 006 030 180 001 008 040 001 008 040 002 010 080 001 008 040 002 010 080 002 010 080 003 018 0c0 001 008 040 001 008 040 000 000 000 000 000 000
wangd3_control_table18 18 6 9 9 002 010 080 001 008 040 004 020 100 000 000 000 004 020 100 000 000 000 006 030 180 001 008 040 001 008 040 002 010 080 001 008 040 002 010 080 002 010 080 003 018 0c0 001 008 040 001 008 040 000 000 000 000 000 000
wangd3_lift_table18 19 6 9 9 000 000 000 000 000 000 004 020 100 001 008 040 004 020 100 000 000 000 005 028 140 000 000 000 002 010 080 000 000 000 002 010 080 000 000 000 002 010 080 001 008 040 000 000 000 001 008 040 000 000 000 001 008 040
wangd3_control_table18 18 6 9 9 000 000 000 000 000 000 004 020 100 001 008 040 004 020 100 000 000 000 005 028 140 000 000 000 002 010 080 000 000 000 002 010 080 000 000 000 002 010 080 001 008 040 000 000 000 001 008 040 000 000 000 001 008 040
wangd3_lift_table18 19 6 9 9 000 000 000 000 000 000 005 028 140 000 000 000 004 020 100 000 000 000 004 020 100 000 000 000 002 010 080 000 000 000 002 010 080 001 008 040 002 010 080 001 008 040 000 000 000 001 008 040 000 000 000 000 000 000
wangd3_control_table18 18 6 9 9 000 000 000 000 000 000 005 028 140 000 000 000 004 020 100 000 000 000 004 020 100 000 000 000 002 010 080 000 000 000 002 010 080 001 008 040 002 010 080 001 008 040 000 000 000 001 008 040 000 000 000 000 000 000
wangd3_lift_table18 19 6 9 9 001 008 040 001 008 040 004 020 100 001 008 040 004 020 100 000 000 000 005 028 140 001 008 040 001 008 040 001 008 040 000 000 000 002 010 080 000 000 000 002 010 080 001 008 040 003 018 0c0 001 008 040 000 000 000
wangd3_control_table18 18 6 9 9 001 008 040 001 008 040 004 020 100 001 008 040 004 020 100 000 000 000 005 028 140 001 008 040 001 008 040 001 008 040 000 000 000 002 010 080 000 000 000 002 010 080 001 008 040 003 018 0c0 001 008 040 000 000 000
