0:1,2,4,8,16,32,64,128,256
3:1,2,4,8,16,32,64,128
6:1,2,4,8,16,64,160,256
9:1,2,8,20,32,68,128,256
6:1,2,4,8,16,32,64
9:1,2,4,8,16,64,160
6:1,2,4,8,16,64,256
9:1,2,4,8,16,96,256
9:1,2,4,8,64,160,304
9:1,2,4,8,80,160,256
12:1,2,8,16,68,160,256
12:1,2,8,20,32,68,128
9:1,2,8,20,32,128,256
12:1,2,8,20,68,160,256
12:1,2,8,20,96,128,256
9:1,2,8,32,84,128,256
12:1,2,12,32,80,148,256
14:1,10,20,32,68,128,262
9:1,2,4,8,16,32
9:1,2,4,8,16,64
12:1,2,4,8,16,96
9:1,2,4,8,16,256
9:1,2,4,8,64,160
12:1,2,4,8,80,128
11:1,2,4,8,80,160
12:1,2,4,8,80,256
9:1,2,4,8,128,288
11:1,2,4,8,160,304
11:1,2,4,80,160,280
15:1,2,8,16,68,160
12:1,2,8,16,68,256
15:1,2,8,20,32,68
12:1,2,8,20,32,128
14:1,2,8,20,68,160
14:1,2,8,20,68,256
15:1,2,8,20,96,128
13:1,2,8,20,96,256
12:1,2,8,20,128,256
12:1,2,8,20,128,288
12:1,2,8,20,160,256
12:1,2,8,32,84,128
12:1,2,8,32,84,384
9:1,2,8,32,128,256
12:1,2,8,32,128,272
12:1,2,8,32,132,272
13:1,2,8,68,160,256
12:1,2,8,68,160,288
14:1,2,8,68,160,304
12:1,2,8,84,160,256
12:1,2,8,96,132,256
13:1,2,8,96,132,272
14:1,2,12,32,80,148
12:1,2,12,32,80,256
12:1,2,12,32,80,384
12:1,2,12,32,132,256
14:1,2,12,32,132,272
14:1,2,12,80,160,256
14:1,2,12,96,132,272
12:1,2,32,80,152,256
12:1,2,32,80,152,264
12:1,2,32,80,156,256
12:1,2,32,80,156,264
12:1,2,32,80,156,272
14:1,10,16,68,160,256
15:1,10,16,68,160,258
15:1,10,16,68,160,260
12:1,10,16,68,164,260
15:1,10,16,68,164,262
14:1,10,16,68,164,288
15:1,10,16,96,164,256
13:1,10,16,96,164,258
14:1,10,20,32,68,128
15:1,10,20,32,68,258
12:1,10,20,32,192,322
14:1,10,20,32,192,324
16:1,10,20,68,160,262
15:1,10,20,68,160,288
15:1,10,20,96,128,260
14:1,10,20,96,128,262
14:1,10,20,96,160,258
15:1,10,20,96,160,260
15:1,10,20,96,160,290
14:1,10,20,96,160,292
14:1,10,32,68,144,274
14:1,10,32,84,128,258
17:10,20,35,68,131,262
12:1,2,4,8,16
11:1,2,4,8,64
13:1,2,4,8,80
12:1,2,4,8,128
12:1,2,4,8,160
12:1,2,4,80,152
13:1,2,4,80,160
15:1,2,8,16,68
12:1,2,8,16,256
15:1,2,8,20,32
16:1,2,8,20,68
15:1,2,8,20,96
15:1,2,8,20,128
15:1,2,8,20,160
14:1,2,8,20,256
15:1,2,8,32,84
12:1,2,8,32,128
15:1,2,8,32,132
12:1,2,8,32,384
15:1,2,8,68,160
14:1,2,8,68,256
15:1,2,8,68,272
15:1,2,8,84,160
14:1,2,8,84,256
15:1,2,8,96,132
14:1,2,8,96,256
15:1,2,8,96,272
14:1,2,8,96,384
14:1,2,8,160,256
12:1,2,8,160,288
14:1,2,8,160,304
14:1,2,12,32,80
15:1,2,12,32,132
14:1,2,12,32,256
15:1,2,12,32,272
14:1,2,12,32,384
15:1,2,12,80,148
15:1,2,12,80,160
15:1,2,12,80,256
15:1,2,12,96,132
14:1,2,12,96,256
15:1,2,12,96,272
15:1,2,12,96,384
15:1,2,12,132,288
15:1,2,12,160,256
14:1,2,12,160,288
15:1,2,12,160,304
14:1,2,32,80,152
15:1,2,32,80,156
12:1,2,32,80,256
14:1,2,32,80,264
14:1,2,32,80,272
12:1,2,32,80,400
14:1,2,32,80,408
14:1,2,32,84,256
15:1,2,32,84,264
14:1,2,32,84,272
14:1,2,32,84,400
15:1,2,32,84,408
14:1,2,80,160,280
15:1,2,84,160,280
16:1,10,16,68,160
15:1,10,16,68,164
15:1,10,16,68,256
16:1,10,16,68,258
15:1,10,16,68,288
16:1,10,16,96,164
15:1,10,16,96,256
14:1,10,16,96,288
15:1,10,16,96,290
16:1,10,20,32,68
15:1,10,20,32,128
15:1,10,20,32,192
16:1,10,20,68,160
16:1,10,20,68,258
16:1,10,20,68,288
16:1,10,20,96,128
15:1,10,20,96,160
16:1,10,20,96,256
15:1,10,20,96,288
16:1,10,20,96,290
15:1,10,20,128,258
15:1,10,20,128,260
15:1,10,20,128,288
14:1,10,20,128,292
15:1,10,20,128,294
15:1,10,20,160,256
15:1,10,20,160,258
15:1,10,20,160,260
16:1,10,20,160,262
15:1,10,32,68,128
15:1,10,32,68,144
16:1,10,32,68,272
15:1,10,32,84,128
15:1,10,32,84,144
15:1,10,32,84,258
15:1,10,32,84,272
15:1,10,32,84,384
15:1,10,32,84,386
15:1,10,32,84,400
15:1,10,32,128,258
15:1,10,32,128,262
15:1,10,32,128,274
15:1,10,32,128,278
15:1,10,32,128,324
14:1,10,32,128,326
15:1,10,32,128,340
15:1,10,32,128,342
16:1,10,32,132,262
15:1,10,32,132,274
16:1,10,32,132,278
15:1,10,32,132,324
15:1,10,32,132,326
15:1,10,32,132,336
15:1,10,32,132,338
16:1,10,32,132,340
16:1,10,68,160,304
16:1,10,68,176,272
16:1,10,68,176,274
16:1,10,68,176,276
14:1,10,84,160,256
15:1,10,84,160,258
15:1,10,84,160,260
15:1,10,84,160,288
15:1,10,84,160,290
15:1,10,84,160,292
16:1,10,96,132,274
16:1,10,96,132,276
16:1,10,96,132,278
14:1,10,96,132,292
16:1,10,96,132,294
16:1,10,96,132,308
16:1,10,96,132,310
12:1,16,36,192,324
15:1,16,36,192,334
15:1,16,36,196,330
15:1,16,96,132,262
15:1,16,96,132,294
15:1,16,96,132,302
15:1,16,96,140,262
15:1,16,96,140,290
15:1,16,96,140,294
15:1,16,96,164,262
15:1,16,96,164,266
15:1,16,96,164,270
15:1,16,98,140,256
15:1,16,98,140,258
15:1,16,98,140,260
15:1,16,98,164,264
16:1,20,38,136,326
16:1,20,96,136,262
16:1,20,96,136,266
16:1,20,96,136,294
16:10,19,68,160,262
16:10,19,68,161,261
16:10,19,68,162,258
16:10,19,68,164,258
17:10,20,35,68,131
16:10,20,35,68,133
16:10,20,68,161,262
16:10,20,68,162,259
17:10,20,96,135,259
14:1,2,4,8
14:1,2,4,80
15:1,2,8,16
16:1,2,8,20
15:1,2,8,32
16:1,2,8,68
16:1,2,8,84
16:1,2,8,96
15:1,2,8,160
14:1,2,8,256
15:1,2,8,272
15:1,2,12,32
16:1,2,12,80
16:1,2,12,96
17:1,2,12,132
16:1,2,12,160
16:1,2,12,256
16:1,2,12,272
15:1,2,32,80
16:1,2,32,84
14:1,2,32,256
16:1,2,32,264
15:1,2,32,320
15:1,2,32,336
15:1,2,80,152
16:1,2,80,156
16:1,2,80,160
16:1,2,84,160
16:1,2,96,272
15:1,2,96,296
16:1,2,96,304
17:1,10,16,68
16:1,10,16,96
16:1,10,16,256
17:1,10,16,258
16:1,10,20,32
17:1,10,20,68
17:1,10,20,96
16:1,10,20,128
17:1,10,20,160
16:1,10,20,256
17:1,10,20,258
17:1,10,32,68
16:1,10,32,84
16:1,10,32,128
16:1,10,32,132
16:1,10,32,258
17:1,10,32,272
16:1,10,32,320
16:1,10,32,336
16:1,10,32,384
16:1,10,32,386
17:1,10,68,160
17:1,10,68,176
17:1,10,68,304
16:1,10,84,160
16:1,10,84,256
17:1,10,84,258
17:1,10,96,132
17:1,10,96,272
16:1,10,96,288
17:1,10,96,290
16:1,10,96,304
16:1,10,96,384
17:1,10,96,386
16:1,10,160,256
17:1,10,160,258
17:1,10,160,260
17:1,10,160,262
15:1,10,160,288
17:1,10,160,290
16:1,10,160,292
16:1,10,160,304
17:1,10,160,306
17:1,10,160,308
15:1,16,36,192
16:1,16,36,196
15:1,16,36,448
15:1,16,36,450
15:1,16,96,132
16:1,16,96,140
16:1,16,96,164
16:1,16,96,258
15:1,16,96,290
16:1,16,96,296
16:1,16,96,298
16:1,16,98,140
16:1,16,98,164
16:1,16,98,256
16:1,16,98,258
16:1,16,98,288
16:1,16,98,296
16:1,16,100,258
16:1,16,100,290
16:1,16,100,296
16:1,16,100,298
16:1,16,100,386
15:1,16,100,416
16:1,16,100,424
16:1,16,228,258
16:1,16,228,262
15:1,16,228,292
16:1,16,228,294
16:1,16,228,302
16:1,20,38,136
17:1,20,38,196
17:1,20,96,136
17:1,20,96,164
17:1,20,96,290
17:1,20,96,298
17:1,20,96,386
17:1,20,96,424
16:1,20,100,160
17:1,20,100,298
17:1,20,102,296
17:1,20,160,262
16:1,20,160,264
17:1,20,160,266
17:1,20,160,268
17:1,20,160,270
17:1,20,160,322
17:1,20,160,326
16:1,20,160,334
17:1,20,224,290
17:1,20,224,298
17:1,20,224,300
17:1,84,160,282
16:1,84,160,298
17:10,19,68,160
17:10,19,68,161
17:10,19,68,162
17:10,19,68,164
17:10,19,68,258
16:10,19,68,261
17:10,19,68,262
17:10,19,68,289
17:10,20,35,68
17:10,20,68,160
17:10,20,68,161
17:10,20,68,162
17:10,20,68,164
17:10,20,68,166
17:10,20,68,167
16:10,20,68,258
17:10,20,68,259
17:10,20,68,262
17:10,20,68,289
17:10,20,96,131
17:10,20,96,133
17:10,20,96,135
17:10,20,96,161
17:10,20,96,164
17:10,20,96,259
17:10,20,96,261
17:10,20,96,391
17:10,68,161,304
17:10,68,162,309
16:10,68,178,279
17:10,68,179,276
17:10,84,163,257
17:10,84,163,262
17:10,96,165,276
15:1,2,4
16:1,2,8
17:1,2,12
16:1,2,32
17:1,2,80
17:1,2,84
17:1,2,96
17:1,10,16
18:1,10,20
17:1,10,32
18:1,10,68
17:1,10,84
18:1,10,96
18:1,10,160
17:1,10,256
18:1,10,258
18:1,10,272
17:1,16,36
17:1,16,96
17:1,16,98
17:1,16,100
17:1,16,228
16:1,16,256
17:1,16,258
17:1,16,266
18:1,20,38
18:1,20,96
17:1,20,100
18:1,20,102
17:1,20,160
17:1,20,224
18:1,20,258
17:1,20,264
18:1,20,266
17:1,84,160
18:1,84,266
17:1,160,304
18:1,160,306
17:1,160,314
17:1,160,316
18:10,19,68
18:10,19,257
18:10,20,35
18:10,20,68
18:10,20,96
18:10,20,129
18:10,20,161
18:10,20,449
18:10,20,450
18:10,68,160
18:10,68,161
18:10,68,162
18:10,68,178
18:10,68,179
18:10,68,180
18:10,68,304
18:10,68,305
18:10,84,163
18:10,84,164
18:10,84,258
18:10,84,259
18:10,84,289
18:10,84,290
18:10,84,293
18:10,84,294
18:10,96,165
18:10,96,276
18:84,163,286
18:1,2
18:1,10
18:1,16
18:1,20
18:1,84
18:1,160
19:10,19
19:10,20
19:10,68
19:10,84
19:10,96
19:10,258
19:10,275
19:84,163
19:1
19:10
19:84
20:
