# types [((1, 1, 1), 11), ((1, 1, 2), 3), ((1, 1, 3), 3), ((1, 2, 2), 2), ((2, 2, 2), 4)]
2 9 45
2 18 2
4 130 247
7 2 2
8 431 36
9 4 260
10 41 44
12 386 52
18 32 40
40 400 16
56 16 216
64 195 65
67 1 1
68 194 193
73 260 256
128 24 72
128 32 264
152 104 8
184 80 200
320 192 128
329 256 304
365 256 48
444 64 192
---
# types [((1, 1, 1), 7), ((1, 1, 2), 6), ((1, 1, 3), 4), ((1, 2, 2), 2), ((2, 2, 2), 4)]
1 18 2
3 16 247
4 292 247
4 420 434
8 6 16
16 48 44
16 56 8
19 20 52
22 36 4
32 64 72
32 384 288
64 131 128
128 380 65
130 9 1
131 17 193
132 356 321
195 1 200
203 1 8
292 64 320
324 128 432
352 132 304
379 4 48
416 324 256
---
# types [((1, 1, 1), 7), ((1, 1, 2), 6), ((1, 1, 3), 4), ((1, 2, 2), 2), ((2, 2, 2), 4)]
1 18 2
3 16 247
4 292 247
4 420 434
8 1 216
8 7 16
16 8 44
16 56 36
19 20 52
22 36 4
32 384 288
64 131 128
128 380 65
130 9 1
131 17 193
132 356 321
203 1 192
260 64 72
292 64 264
324 128 432
352 132 304
379 4 48
416 324 256
---
# types [((1, 1, 1), 6), ((1, 1, 2), 8), ((1, 1, 3), 4), ((1, 2, 2), 1), ((2, 2, 2), 4)]
1 18 2
3 16 247
4 128 247
4 420 325
8 6 16
16 8 44
16 56 36
19 20 52
22 36 4
32 384 40
32 448 264
64 131 128
128 380 65
130 9 1
131 17 193
132 356 321
195 1 200
203 1 8
260 64 320
324 128 432
352 132 304
379 4 48
416 324 256
---
# types [((1, 1, 1), 9), ((1, 1, 2), 4), ((1, 1, 3), 4), ((1, 2, 2), 2), ((2, 2, 2), 4)]
1 18 2
3 16 247
4 292 247
4 420 434
8 1 8
8 6 16
16 48 44
16 56 8
19 20 52
22 36 4
32 64 40
32 448 288
64 131 128
128 380 65
130 9 1
131 17 193
132 356 321
195 1 192
260 64 320
324 128 432
352 132 304
379 4 48
416 324 256
---
# types [((1, 1, 1), 8), ((1, 1, 2), 6), ((1, 1, 3), 3), ((1, 2, 2), 2), ((2, 2, 2), 4)]
2 73 45
5 2 247
8 111 36
9 260 4
10 105 44
13 258 52
32 400 16
45 256 304
48 16 218
50 146 2
54 130 2
64 3 321
67 65 1
69 66 193
128 24 72
128 32 288
146 32 40
152 104 8
176 80 200
256 192 128
301 263 256
365 7 256
501 64 192
---
# types [((1, 1, 1), 9), ((1, 1, 2), 4), ((1, 1, 3), 4), ((1, 2, 2), 2), ((2, 2, 2), 4)]
2 73 247
2 89 218
4 130 2
5 2 247
8 111 36
9 260 4
10 105 44
13 258 52
18 32 40
32 400 16
45 256 48
50 16 216
64 3 65
64 260 256
67 65 1
69 66 193
128 24 72
128 32 264
152 104 8
176 80 200
256 192 128
320 256 256
501 64 192
---
# types [((1, 1, 1), 9), ((1, 1, 2), 4), ((1, 1, 3), 4), ((1, 2, 2), 2), ((2, 2, 2), 4)]
2 89 45
4 130 2
5 2 247
8 111 36
9 260 4
10 105 44
13 258 52
32 400 16
45 256 304
48 16 247
50 16 47
64 3 65
64 260 256
67 65 1
69 66 193
128 24 72
128 32 288
146 32 40
152 104 8
176 80 200
256 192 128
365 256 256
501 64 192
---
# types [((1, 1, 1), 9), ((1, 1, 2), 4), ((1, 1, 3), 4), ((1, 2, 2), 2), ((2, 2, 2), 4)]
2 203 19
2 253 18
3 6 4
4 258 7
4 384 3
8 36 382
10 38 22
13 2 134
24 32 32
32 144 216
50 16 16
72 1 321
75 195 1
77 194 129
128 253 72
136 37 328
144 8 8
160 208 200
192 5 256
256 256 288
288 64 192
288 256 32
461 192 128
---
# types [((1, 1, 1), 9), ((1, 1, 2), 4), ((1, 1, 3), 4), ((1, 2, 2), 2), ((2, 2, 2), 4)]
1 6 5
1 7 1
2 8 1
2 48 130
4 64 17
4 384 18
8 261 32
16 250 72
44 258 22
52 194 16
64 36 256
144 9 64
192 32 494
194 34 134
208 33 104
216 1 40
239 2 6
256 146 494
256 402 310
272 210 88
288 64 24
296 256 54
386 18 128
---
# types [((1, 1, 1), 9), ((1, 1, 2), 4), ((1, 1, 3), 4), ((1, 2, 2), 2), ((2, 2, 2), 4)]
1 6 5
1 7 1
2 48 131
2 56 1
4 64 3
4 448 18
8 261 32
16 250 72
44 258 22
52 194 16
64 36 256
144 9 64
192 32 494
194 34 134
208 33 104
216 1 40
239 2 6
256 146 494
256 402 310
272 210 88
288 64 24
296 256 54
386 18 128
---
# types [((1, 1, 1), 9), ((1, 1, 2), 4), ((1, 1, 3), 4), ((1, 2, 2), 2), ((2, 2, 2), 4)]
1 6 5
1 7 1
2 8 131
2 56 130
4 64 9
4 384 18
8 261 32
16 250 72
44 258 22
52 194 16
64 36 256
144 9 64
192 32 494
194 34 134
208 33 104
216 1 40
239 2 6
256 146 494
256 402 310
272 210 88
292 64 24
296 256 54
386 18 128
---
# types [((1, 1, 1), 9), ((1, 1, 2), 4), ((1, 1, 3), 4), ((1, 2, 2), 2), ((2, 2, 2), 4)]
1 1 1
1 6 4
2 8 1
2 48 130
4 64 17
4 384 18
8 261 32
16 250 72
44 258 22
52 194 16
64 36 256
144 9 64
192 32 494
194 34 134
208 33 104
216 1 40
239 2 6
256 146 494
256 402 310
272 210 88
288 64 24
296 256 54
386 18 128
---
# types [((1, 1, 1), 9), ((1, 1, 2), 4), ((1, 1, 3), 4), ((1, 2, 2), 2), ((2, 2, 2), 4)]
1 1 5
1 7 4
2 8 1
2 48 130
4 64 17
4 384 18
8 261 32
16 250 72
44 258 22
52 194 16
64 36 256
144 9 64
192 32 494
194 34 134
208 33 104
216 1 40
239 2 6
256 146 494
256 402 310
272 210 88
288 64 24
296 256 54
386 18 128
---
# types [((1, 1, 1), 9), ((1, 1, 2), 4), ((1, 1, 3), 4), ((1, 2, 2), 2), ((2, 2, 2), 4)]
1 1 5
1 7 4
2 8 1
2 48 130
4 384 3
4 448 17
8 261 32
16 250 72
44 258 22
52 194 16
64 36 256
144 9 64
192 32 494
194 34 134
208 33 104
216 1 40
239 2 6
256 146 494
256 402 310
272 210 88
288 64 24
296 256 54
386 18 128
---
# types [((1, 1, 1), 9), ((1, 1, 2), 4), ((1, 1, 3), 4), ((1, 2, 2), 2), ((2, 2, 2), 4)]
1 1 5
1 7 4
2 8 131
2 56 130
4 64 3
4 448 18
8 261 32
16 250 72
44 258 22
52 194 16
64 36 256
144 9 64
192 32 494
194 34 134
208 33 104
216 1 40
239 2 6
256 146 494
256 402 310
272 210 88
288 64 24
296 256 54
386 18 128
---
# types [((1, 1, 1), 6), ((1, 1, 2), 7), ((1, 1, 3), 4), ((1, 2, 2), 2), ((2, 2, 2), 4)]
1 6 4
2 8 131
2 56 130
4 64 17
4 384 18
8 261 32
16 250 72
44 258 22
52 194 16
64 36 256
144 9 64
192 32 494
194 34 134
208 33 104
216 1 41
217 1 1
239 2 6
256 146 494
256 402 310
272 210 88
288 64 24
296 256 54
386 18 128
---
# types [((1, 1, 1), 9), ((1, 1, 2), 4), ((1, 1, 3), 4), ((1, 2, 2), 2), ((2, 2, 2), 4)]
1 1 5
1 7 4
2 48 131
2 56 1
4 64 9
4 384 18
8 261 32
16 250 72
44 258 22
52 194 16
64 36 256
144 9 64
192 32 494
194 34 134
208 33 104
216 1 40
239 2 6
256 146 494
256 402 310
272 210 88
292 64 24
296 256 54
386 18 128
---
# types [((1, 1, 1), 9), ((1, 1, 2), 4), ((1, 1, 3), 4), ((1, 2, 2), 2), ((2, 2, 2), 4)]
1 1 5
1 7 4
2 8 131
2 56 130
4 64 9
4 384 18
8 261 32
16 250 72
44 258 22
52 194 16
64 36 256
144 9 64
192 32 494
194 34 134
208 33 104
216 1 40
239 2 6
256 146 494
256 402 310
272 210 88
292 64 24
296 256 54
386 18 128
---
# types [((1, 1, 1), 6), ((1, 1, 2), 8), ((1, 1, 3), 4), ((1, 2, 2), 1), ((2, 2, 2), 4)]
1 1 41
1 6 4
2 8 131
2 56 130
4 64 17
4 384 18
8 261 32
16 250 72
44 258 22
52 194 16
64 36 256
144 9 64
192 32 494
194 34 134
208 33 104
217 1 40
239 2 6
256 256 494
256 402 216
272 210 88
288 64 24
296 256 54
386 18 128
---
# types [((1, 1, 1), 9), ((1, 1, 2), 4), ((1, 1, 3), 4), ((1, 2, 2), 2), ((2, 2, 2), 4)]
1 6 5
1 7 1
2 8 131
2 56 130
4 64 3
4 448 18
8 261 32
16 250 72
44 258 22
52 194 16
64 36 256
144 9 64
192 32 494
194 34 134
208 33 104
216 1 40
239 2 6
256 146 494
256 402 310
272 210 88
288 64 24
296 256 54
386 18 128
---
# types [((1, 1, 1), 9), ((1, 1, 2), 4), ((1, 1, 3), 4), ((1, 2, 2), 2), ((2, 2, 2), 4)]
1 6 5
1 7 1
2 8 1
2 48 130
4 384 3
4 448 17
8 261 32
16 250 72
44 258 22
52 194 16
64 36 256
144 9 64
192 32 494
194 34 134
208 33 104
216 1 40
239 2 6
256 146 494
256 402 310
272 210 88
288 64 24
296 256 54
386 18 128
---
# types [((1, 1, 1), 9), ((1, 1, 2), 4), ((1, 1, 3), 4), ((1, 2, 2), 2), ((2, 2, 2), 4)]
1 1 1
1 6 4
2 8 131
2 56 130
4 64 9
4 384 18
8 261 32
16 250 72
44 258 22
52 194 16
64 36 256
144 9 64
192 32 494
194 34 134
208 33 104
216 1 40
239 2 6
256 146 494
256 402 310
272 210 88
292 64 24
296 256 54
386 18 128
---
# types [((1, 1, 1), 9), ((1, 1, 2), 4), ((1, 1, 3), 4), ((1, 2, 2), 2), ((2, 2, 2), 4)]
1 6 5
1 7 1
2 48 131
2 56 1
4 64 9
4 384 18
8 261 32
16 250 72
44 258 22
52 194 16
64 36 256
144 9 64
192 32 494
194 34 134
208 33 104
216 1 40
239 2 6
256 146 494
256 402 310
272 210 88
292 64 24
296 256 54
386 18 128
---
# types [((1, 1, 1), 9), ((1, 1, 2), 4), ((1, 1, 3), 4), ((1, 2, 2), 2), ((2, 2, 2), 4)]
1 6 5
1 7 1
2 8 131
2 56 130
4 64 9
4 384 18
8 261 32
16 250 72
40 256 494
44 258 22
52 194 16
64 36 256
144 9 64
192 32 494
194 34 134
208 33 104
216 1 40
239 2 6
256 402 216
272 210 88
292 64 24
296 256 472
386 18 128
---
# types [((1, 1, 1), 7), ((1, 1, 2), 6), ((1, 1, 3), 4), ((1, 2, 2), 2), ((2, 2, 2), 4)]
1 7 4
2 8 131
2 56 130
4 384 18
8 261 32
16 250 72
44 258 22
52 194 16
64 36 256
144 9 64
192 32 494
194 34 134
208 33 104
216 1 45
217 1 5
239 2 6
256 146 494
256 402 310
272 210 88
288 64 9
292 64 17
296 256 54
386 18 128
---
# types [((1, 1, 1), 7), ((1, 1, 2), 6), ((1, 1, 3), 4), ((1, 2, 2), 2), ((2, 2, 2), 4)]
1 1 45
1 7 4
2 8 131
2 56 130
4 64 17
4 384 18
8 261 32
16 250 72
44 258 22
52 194 16
64 36 256
144 9 64
192 32 494
194 34 134
208 33 104
217 1 40
239 2 6
256 146 494
256 402 310
272 210 88
288 64 24
296 256 54
386 18 128
---
# types [((1, 1, 1), 7), ((1, 1, 2), 6), ((1, 1, 3), 4), ((1, 2, 2), 2), ((2, 2, 2), 4)]
1 6 4
2 48 131
2 56 1
4 64 3
4 448 18
8 261 32
16 250 72
44 258 22
52 194 16
64 36 256
144 9 64
192 32 494
194 34 134
208 33 104
216 1 41
217 1 1
239 2 6
256 146 494
256 402 310
272 210 88
288 64 24
296 256 54
386 18 128
---
# types [((1, 1, 1), 9), ((1, 1, 2), 4), ((1, 1, 3), 4), ((1, 2, 2), 2), ((2, 2, 2), 4)]
1 1 1
1 6 4
2 48 131
2 56 1
4 64 3
4 448 18
8 261 32
16 250 72
44 258 22
52 194 16
64 36 256
144 9 64
192 32 494
194 34 134
208 33 104
216 1 40
239 2 6
256 146 494
256 402 310
272 210 88
288 64 24
296 256 54
386 18 128
---
# types [((1, 1, 1), 7), ((1, 1, 2), 6), ((1, 1, 3), 4), ((1, 2, 2), 2), ((2, 2, 2), 4)]
1 1 41
1 6 4
2 48 131
2 56 1
4 64 9
4 384 18
8 261 32
16 250 72
44 258 22
52 194 16
64 36 256
144 9 64
192 32 494
194 34 134
208 33 104
217 1 40
239 2 6
256 146 494
256 402 310
272 210 88
292 64 24
296 256 54
386 18 128
---
# types [((1, 1, 1), 9), ((1, 1, 2), 4), ((1, 1, 3), 4), ((1, 2, 2), 2), ((2, 2, 2), 4)]
1 1 1
1 6 4
2 8 1
2 48 130
4 384 3
4 448 17
8 261 32
16 250 72
44 258 22
52 194 16
64 36 256
144 9 64
192 32 494
194 34 134
208 33 104
216 1 40
239 2 6
256 146 494
256 402 310
272 210 88
288 64 24
296 256 54
386 18 128
---
# types [((1, 1, 1), 6), ((1, 1, 2), 7), ((1, 1, 3), 4), ((1, 2, 2), 2), ((2, 2, 2), 4)]
1 1 41
1 6 4
2 48 131
2 56 1
4 64 17
4 384 18
8 261 32
16 250 72
44 258 22
52 194 16
64 36 256
144 9 64
192 32 494
194 34 134
208 33 104
217 1 40
239 2 6
256 146 494
256 402 310
272 210 88
288 64 24
296 256 54
386 18 128
---
# types [((1, 1, 1), 6), ((1, 1, 2), 7), ((1, 1, 3), 4), ((1, 2, 2), 2), ((2, 2, 2), 4)]
1 1 41
1 6 4
2 8 131
2 56 130
4 384 18
8 261 32
16 250 72
44 258 22
52 194 16
64 36 256
144 9 64
192 32 494
194 34 134
208 33 104
217 1 40
239 2 6
256 146 494
256 402 310
272 210 88
288 64 9
292 64 17
296 256 54
386 18 128
---
# types [((1, 1, 1), 9), ((1, 1, 2), 4), ((1, 1, 3), 4), ((1, 2, 2), 2), ((2, 2, 2), 4)]
1 1 1
1 6 4
2 48 131
2 56 1
4 64 9
4 384 18
8 261 32
16 250 72
40 256 494
44 258 22
52 194 16
64 36 256
144 9 64
192 32 494
194 34 134
208 33 104
216 1 40
239 2 6
256 402 216
272 210 88
292 64 24
296 256 472
386 18 128
---
# types [((1, 1, 1), 7), ((1, 1, 2), 6), ((1, 1, 3), 4), ((1, 2, 2), 2), ((2, 2, 2), 4)]
1 6 4
2 8 131
2 56 130
4 64 9
4 384 18
8 261 32
16 250 72
44 258 22
52 194 16
64 36 256
144 9 64
192 32 494
194 34 134
208 33 104
216 1 41
217 1 1
239 2 6
256 146 494
256 402 310
272 210 88
292 64 24
296 256 54
386 18 128
---
# types [((1, 1, 1), 9), ((1, 1, 2), 4), ((1, 1, 3), 4), ((1, 2, 2), 2), ((2, 2, 2), 4)]
1 1 1
1 6 4
2 8 131
2 56 130
4 64 3
4 448 18
8 261 32
16 250 72
40 256 494
44 258 22
52 194 16
64 36 256
144 9 64
192 32 494
194 34 134
208 33 104
216 1 40
239 2 6
256 402 216
272 210 88
288 64 24
296 256 472
386 18 128
---
# types [((1, 1, 1), 7), ((1, 1, 2), 6), ((1, 1, 3), 4), ((1, 2, 2), 2), ((2, 2, 2), 4)]
1 1 41
1 6 4
2 48 131
2 56 1
4 384 27
4 448 9
8 261 32
16 250 72
44 258 22
52 194 16
64 36 256
144 9 64
192 32 494
194 34 134
208 33 104
217 1 40
239 2 6
256 146 494
256 402 310
272 210 88
292 64 24
296 256 54
386 18 128
---
# types [((1, 1, 1), 9), ((1, 1, 2), 4), ((1, 1, 3), 4), ((1, 2, 2), 2), ((2, 2, 2), 4)]
1 6 5
1 7 1
2 8 1
2 48 130
4 384 18
8 261 32
16 250 72
44 258 22
52 194 16
64 36 256
144 9 64
192 32 494
194 34 134
208 33 104
216 1 40
239 2 6
256 146 494
256 402 310
272 210 88
288 64 9
292 64 17
296 256 54
386 18 128
---
# types [((1, 1, 1), 9), ((1, 1, 2), 4), ((1, 1, 3), 4), ((1, 2, 2), 2), ((2, 2, 2), 4)]
1 6 5
1 7 1
2 8 131
2 56 130
4 64 3
4 448 18
8 261 32
16 250 72
40 256 494
44 258 22
52 194 16
64 36 256
144 9 64
192 32 494
194 34 134
208 33 104
216 1 40
239 2 6
256 402 216
272 210 88
288 64 24
296 256 472
386 18 128
---
# types [((1, 1, 1), 9), ((1, 1, 2), 4), ((1, 1, 3), 4), ((1, 2, 2), 2), ((2, 2, 2), 4)]
1 1 1
1 6 4
2 8 131
2 56 130
4 64 27
4 448 18
8 261 32
16 250 72
44 258 22
52 194 16
64 36 256
144 9 64
192 32 494
194 34 134
208 33 104
216 1 40
239 2 6
256 146 494
256 402 310
272 210 88
292 64 24
296 256 54
386 18 128
---
# types [((1, 1, 1), 13), ((1, 1, 2), 3), ((1, 1, 3), 1), ((1, 2, 2), 2), ((2, 2, 2), 4)]
1 261 6
2 104 11
5 256 438
8 36 32
18 9 8
24 32 445
26 33 13
27 1 5
32 384 146
34 64 73
36 64 65
37 256 178
64 1 320
128 48 208
144 18 16
152 34 400
216 2 384
260 511 2
261 263 258
262 120 66
288 128 130
325 7 256
390 56 64
---
# types [((1, 1, 1), 12), ((1, 1, 2), 4), ((1, 1, 3), 1), ((1, 2, 2), 2), ((2, 2, 2), 4)]
1 261 6
2 104 11
5 256 438
8 36 32
18 9 8
24 32 445
26 33 13
27 1 325
32 384 146
34 64 73
36 64 65
37 256 178
91 1 320
128 48 208
144 18 16
152 34 400
216 2 384
260 511 2
261 263 258
262 120 66
288 128 130
325 7 256
390 56 64
---
# types [((1, 1, 1), 12), ((1, 1, 2), 4), ((1, 1, 3), 1), ((1, 2, 2), 2), ((2, 2, 2), 4)]
1 261 6
2 104 11
5 256 438
6 64 65
8 36 32
18 9 8
24 32 445
26 33 13
27 1 325
32 384 146
34 64 8
37 256 178
91 1 320
128 48 208
144 18 16
152 34 400
216 2 384
260 511 2
261 263 258
262 120 66
288 128 130
325 7 256
390 56 64
---
# types [((1, 1, 1), 13), ((1, 1, 2), 3), ((1, 1, 3), 1), ((1, 2, 2), 2), ((2, 2, 2), 4)]
1 261 6
2 104 11
5 256 438
6 64 73
8 36 32
18 9 8
24 32 445
26 33 13
27 1 325
32 384 146
36 64 8
37 256 178
91 1 320
128 48 208
144 18 16
152 34 400
216 2 384
260 511 2
261 263 258
262 120 66
288 128 130
325 7 256
390 56 64
---
# types [((1, 1, 1), 13), ((1, 1, 2), 3), ((1, 1, 3), 1), ((1, 2, 2), 2), ((2, 2, 2), 4)]
1 261 6
2 104 11
5 256 438
6 64 73
8 36 32
18 9 8
24 32 445
26 33 13
32 384 146
36 64 8
37 256 178
64 1 325
91 1 5
128 48 208
144 18 16
152 34 400
216 2 384
260 511 2
261 263 258
262 120 66
288 128 130
325 7 256
390 56 64
---
# types [((1, 1, 1), 13), ((1, 1, 2), 3), ((1, 1, 3), 1), ((1, 2, 2), 2), ((2, 2, 2), 4)]
1 261 6
2 104 11
5 256 438
6 64 65
8 36 32
18 9 8
24 32 445
26 33 13
27 1 5
32 384 146
34 64 8
37 256 178
64 1 320
128 48 208
144 18 16
152 34 400
216 2 384
260 511 2
261 263 258
262 120 66
288 128 130
325 7 256
390 56 64
---
# types [((1, 1, 1), 12), ((1, 1, 2), 4), ((1, 1, 3), 1), ((1, 2, 2), 2), ((2, 2, 2), 4)]
1 261 6
2 104 11
5 256 438
8 36 32
18 9 8
24 32 445
26 33 13
32 384 146
34 64 73
36 64 65
37 256 178
64 1 325
91 1 5
128 48 208
144 18 16
152 34 400
216 2 384
260 511 2
261 263 258
262 120 66
288 128 130
325 7 256
390 56 64
---
# types [((1, 1, 1), 12), ((1, 1, 2), 4), ((1, 1, 3), 1), ((1, 2, 2), 2), ((2, 2, 2), 4)]
1 261 6
2 104 11
5 256 438
6 64 65
8 36 32
18 9 8
24 32 445
26 33 13
32 384 146
34 64 8
37 256 178
64 1 325
91 1 5
128 48 208
144 18 16
152 34 400
216 2 384
260 511 2
261 263 258
262 120 66
288 128 130
325 7 256
390 56 64
---
